	TCGA-3C-AAAU-01A-11R-A41B-07	TCGA-3C-AALI-01A-11R-A41B-07	TCGA-3C-AALJ-01A-31R-A41B-07	TCGA-3C-AALK-01A-11R-A41B-07	TCGA-4H-AAAK-01A-12R-A41B-07	TCGA-5L-AAT0-01A-12R-A41B-07	TCGA-5L-AAT1-01A-12R-A41B-07	TCGA-5T-A9QA-01A-11R-A41B-07	TCGA-A1-A0SB-01A-11R-A144-07	TCGA-A1-A0SD-01A-11R-A115-07	TCGA-A1-A0SE-01A-11R-A084-07	TCGA-A1-A0SF-01A-11R-A144-07	TCGA-A1-A0SG-01A-11R-A144-07	TCGA-A1-A0SH-01A-11R-A084-07
100130426	0	0	0.931002202	0	0	0	0	0	0	0	0	0	0	0
100133144	4.118060656	3.359788207	3.657960061	3.710327063	2.972104429	2.318721752	0	1.301236441	4.030300761	3.394761064	3.464276177	3.492071087	2.820178962	1.427713432
100134869	3.800289051	4.199986367	3.354649622	3.594536607	3.947647457	3.868785523	3.535418472	3.321322036	3.944249388	3.623410389	2.44429601	3.553372792	2.426962448	2.001730196
10357	5.73200593	6.144766313	7.278889866	7.178558294	6.412998252	6.848713067	6.87034499	6.762386025	6.875128836	5.936944111	7.268146155	7.151709678	6.120689929	6.336288744
10431	8.676225088	9.141834835	10.41133525	9.759115544	9.583802995	9.659537688	10.11555676	10.47320051	9.362560186	9.935043469	10.0839146	10.25345161	10.06852397	9.951571768
136542	0	0	0	0	0	0	0	0	0	0	0	0	0	0
155060	10.21432519	9.014135714	9.21194133	9.11309437	8.032602855	8.11523513	7.711763322	6.27351216	8.133199765	6.404266218	6.242255699	8.301259308	7.997306523	6.595524546
26823	0	1.061776198	0	0.499476	0.511468039	0	0	0.606915942	0.536550296	0.412293771	0	0	0.443606651	0
280660	0	0.626485863	0	0	0	0	0	0	0	0	0	0	0	0
317712	0	0	0	0	0	0	0	0	0	0	0	0	0	0
340602	1.445355919	7.180904703	0	0	0.511468039	0	0	0	0.926758532	0.732573121	0	0	0	0
388795	0.427284346	2.55924706	1.895263839	1.617627613	1.992297122	1.742609903	2.343407822	3.644583125	0.926758532	0.412293771	0.990737079	1.999567127	1.659924558	0.444879056
390284	2.360617112	1.395775743	1.895263839	2.472773683	1.992297122	2.779469857	2.558267634	1.628586977	1.486456956	2.493519248	2.7212414	3.38196164	3.269048112	2.314029397
391343	0	3.194812001	0	0	0	0	0.859969548	0	0	0.412293771	0.410449655	0	1.056583528	0
391714	0.756425557	0.626485863	0	0	0	0	0	0	0.536550296	0.412293771	0.410449655	0	0	0
404770	0	0	0	0	0	0	0	0	0	0	0	0	0	0
441362	0	0	0	0	0	0	0	0	0	0	0	0	0	0
442388	0	0	0	0	0	0	0	0	0	0	0	0	0	0
553137	2.260387037	0	0.931002202	0	0.511468039	0.665938454	1.3950628	1.032806145	0.536550296	2.213844945	1.211822119	1.651683181	3.560727181	5.667866586
57714	9.682954742	9.470734514	8.617133522	8.842368573	8.814940332	7.721109445	8.399142462	7.744087748	8.724921706	10.06859571	9.061892278	7.965221524	9.520279426	9.992041718
645851	6.97064432	7.164592214	5.147774766	4.063675503	3.951224091	3.530907243	2.558267634	3.380480113	3.447711427	3.928417701	2.487280529	2.146394549	3.321942522	2.087598618
652919	4.746817944	3.841852386	0	0	3.102910035	0	0	0	0	0	0	0	3.79876598	5.803627442
653553	8.1824609	8.816026521	10.10543006	8.669908332	6.550992984	7.647046066	6.992365109	8.428859271	5.482157741	7.832546384	8.232633418	8.115409416	8.615901415	6.997344351
728045	0	0	0	0	0	0	0	0	0	0	0	0	0	0
728603	0	0	0	0	0	0	0	0	0	0	0	0	0	0
728788	0	0	0.931002202	1.164271398	0	0.665938454	0	0	2.202887833	0	0	0	0	0.444879056
729884	6.789227142	2.264956718	0	5.160024678	1.64510214	1.119820952	0.859969548	0	0	3.160242556	1.211822119	3.920035993	1.485426827	3.039682373
8225	8.843595113	9.418956682	9.362597662	9.621158463	9.46461089	9.522421659	9.424642069	9.166777698	8.619803639	8.08892707	8.898397627	9.540532208	8.382162723	8.469920155
90288	5.380926808	4.949889727	4.564713498	5.78658068	5.771278167	5.105845667	7.03781378	2.755549921	2.574222636	4.132675541	6.663489793	7.617298483	6.744175899	4.138568757
1	7.630010057	7.897146018	8.728725281	7.585096244	8.076179068	7.677873239	7.729932019	8.300050947	5.649592468	7.162870637	7.598569172	8.353232414	7.407955165	7.502422104
29974	0	0	0.931002202	0	0.511468039	0	0	0.606915942	0	0	0	0	0	0
54715	0	0	0	0	2.271963449	0.665938454	0	0.606915942	2.460742564	0.412293771	0	0.514400039	2.411426246	0.444879056
87769	6.699931911	6.167209379	7.342165362	5.988848259	7.279566011	6.814235088	6.686112488	7.874177271	5.281557312	6.084553303	6.168531727	7.342922697	6.865879234	7.037757783
144568	1.25011268	2.419592823	0	1.408657521	2.138912742	1.119820952	2.343407822	0	2.054327554	3.105845667	0.990737079	2.146394549	1.485426827	1.289598422
2	12.50168161	12.88664527	13.11005894	13.42012067	13.22677983	13.59015676	13.91135696	11.63639093	14.94891238	14.53834008	13.941184	13.92786962	13.60663505	13.77302175
53947	6.113583825	7.310107409	9.16714062	8.987016387	8.422601786	8.535828239	8.045725266	8.688638123	8.402694042	8.562776657	8.06192683	8.788736927	9.27744131	8.449199417
51146	3.265511909	0.626485863	0	0	0.511468039	2.352250046	0.859969548	2.220670465	0.926758532	0.732573121	0	0.892818428	0.782408565	1.0590091
404744	0.427284346	0	0	0	0.511468039	0	0	0	0	0	0	0	0	0
8086	9.34504414	9.796011371	9.500804841	9.603619484	9.679742048	9.899949137	9.630014062	9.772200738	9.477337132	9.045307537	9.316159095	9.975078708	9.491707216	9.036262645
729522	1.25011268	5.183696909	1.895263839	0	0.511468039	0	0	0	9.681875622	0.412293771	0.410449655	0	0	0.444879056
65985	10.08799129	9.709642339	10.58316891	9.74666295	9.71596199	9.704860382	9.870056881	10.2278828	11.09343717	9.617863945	9.700895517	8.794316109	10.75001788	9.681550464
344752	0	0	0	0	0	0	0	0	0	0	0	0	0	0
126767	0	0	1.492212122	0	0	0	0	0	0	0	0	0	0	0
343066	0	0	0	0	0	0	0	0	0	0	0	0	0	0.444879056
13	0	1.061776198	0.931002202	1.962067736	0.511468039	0	0	0	0	0	0.410449655	0	0.443606651	0
51166	2.703654454	4.670715726	5.767932824	5.860356997	5.999519773	5.154178119	5.07038074	6.852244844	7.654442702	5.346917897	4.90493201	4.279575297	4.948614863	6.540614733
79719	10.34584619	11.79037086	10.41133525	10.71809778	10.81662626	10.88673273	11.05592933	11.33606297	9.730884799	10.93162087	10.68827943	9.977532945	11.39986909	10.40365119
22848	9.017735158	9.730108527	9.153424603	9.50930333	9.407900584	9.887494503	9.438264778	8.433231974	10.03523391	10.11150725	9.986191329	9.375406142	8.774933298	10.21664208
14	11.0043136	11.54152278	11.16297729	11.43228899	11.6845901	11.81062883	11.5974937	11.71729462	11.10292433	11.22691283	11.47284307	11.52740072	11.66095517	11.22084637
15	0.427284346	1.66680203	1.492212122	0.499476	0.511468039	0	1.3950628	0	1.486456956	0.412293771	0.729618025	0.514400039	0	0
57505	9.432326211	8.887224881	8.783685495	8.75801096	9.177037759	9.18999945	9.067306086	9.59908603	9.005875175	8.864607437	8.757400677	8.685756577	7.951798165	8.488883701
80755	8.869340906	8.71323459	8.613798671	8.950080801	9.374068327	9.450461128	9.610593216	10.23666469	9.384119547	8.510076573	8.940557917	9.354786903	9.153414469	8.951450251
16	12.10674776	12.15859786	11.32061081	11.05248627	11.2057023	10.99020518	11.11808383	13.0688668	11.75333778	11.09326774	11.35054355	10.95176043	10.9989715	11.40715313
60496	9.661625449	9.40860509	9.608609121	9.380001018	8.864515512	9.322806744	9.428059877	9.343264789	9.948437466	9.280672654	9.195025181	9.879834551	10.22639196	9.160737198
132949	8.121276555	7.534025018	7.580370134	7.62588853	8.295500341	8.301110205	8.11521848	8.388899859	8.589754126	8.385738181	8.671527622	8.056268121	8.11999313	8.478710172
10157	5.54965685	6.185432482	6.269704577	7.525795619	8.596030939	8.893472642	8.360313353	7.188583901	8.697004375	8.371397247	8.00946195	7.585473365	6.00810587	8.388302351
26574	10.56977151	12.90129418	11.03542789	10.90402046	10.36229355	10.17493579	10.29285501	10.90093313	9.846231437	10.37389275	10.53991758	10.52327721	9.91451908	10.35554733
9625	9.277504079	6.763772734	7.19040646	6.918666493	5.182656547	5.795805903	4.574095451	7.919916854	6.959275187	6.218066229	6.740989605	6.046955906	4.711511426	5.996402306
18	9.280145544	7.914971061	8.555892827	10.75033484	9.7376969	9.736950491	9.649177124	8.428859271	8.83148365	9.821475528	10.97136119	10.01624377	12.58718248	9.909392103
10349	4.107135456	4.243707158	4.817546516	4.619589081	4.983600177	4.950300432	4.303408156	0.606915942	3.616181231	4.574519357	4.50585918	4.691947261	3.269048112	4.078157214
79963	6.324646815	6.601255262	7.294803601	7.111898297	5.863685758	7.695535941	7.510202406	5.321964162	7.468427733	6.026941667	6.59569759	6.737068833	6.412740885	6.426159065
26154	8.331911188	9.40860509	0	10.4835127	3.48707468	4.806499356	7.865880471	2.963326148	3.616181231	6.661632752	7.248392518	3.960298552	9.913442363	7.79692605
154664	0	1.395775743	0.931002202	1.800081925	0.511468039	1.742609903	1.784503983	0.606915942	10.61911823	0.994579724	1.211822119	2.279649579	0.782408565	2.087598618
650655	4.242015553	6.163712061	3.775335048	3.336597604	3.73773002	4.775935488	2.09085343	2.220670465	3.037030731	2.865067591	3.755432417	3.321423063	4.629951063	2.974878013
19	8.177231153	8.724276454	9.432295723	9.551253563	9.529131442	9.416163531	10.1113111	7.836116648	9.29471057	10.68720139	9.796344019	9.15240147	9.329954163	10.11222902
20	12.1384152	11.18677705	11.64814282	10.42653586	9.889099313	10.34333853	10.33442805	9.570641663	10.70766921	10.18263557	10.49752555	9.9787585	10.72966917	9.710445887
21	12.41779174	11.37605955	10.56515217	9.921180567	10.2856727	9.793354575	11.59369438	10.26882338	9.81554565	10.9299094	11.34343536	10.79083067	13.30779015	10.52105712
24	2.260387037	5.527733462	1.492212122	6.21395573	5.280670567	6.397404249	5.899168378	3.05696496	2.202887833	7.32901862	3.857224626	5.140463747	7.462067047	6.143689324
23461	9.636793892	8.606583988	9.130270667	8.690281243	7.768325278	8.240841408	7.875926242	6.84569954	8.181012081	8.653278612	7.795348767	7.237843795	5.166727494	8.52187482
23460	4.590488247	4.701194161	6.367993024	6.307357482	7.546565766	6.963148094	6.684741609	1.032806145	5.22845701	7.271487306	6.884517335	7.040707261	6.938770373	7.601523448
10347	9.223878871	9.578294185	8.586837912	8.866867189	6.362410272	8.617821162	8.402621143	8.22708738	7.103307744	7.111575977	8.356580057	8.032860131	8.425104261	7.350121496
10351	5.897046762	4.400510606	5.743727684	7.74475178	6.055974329	6.7438098	5.859216706	0	6.943520522	7.659220302	6.3392639	6.295374062	6.449576231	6.34297957
10350	5.269324948	5.561350578	5.791738549	6.156540216	7.687245494	6.314767209	7.182437063	0	5.782935325	6.594075237	7.245266516	7.021807273	6.344842697	6.917702653
23456	9.060270355	8.51519599	8.125836014	8.688835662	8.435071809	8.535828239	8.52257447	9.133577653	8.488436278	9.004072396	9.162254606	9.315555589	8.288926502	9.221349794
8647	0	1.894875955	0.931002202	1.408657521	0.511468039	0	0	0	0.536550296	1.216175457	0	0.892818428	1.286881148	1.289598422
5243	4.853865938	5.403499517	4.508352586	6.756991234	5.416235115	6.976650038	6.945436813	3.380480113	3.81398636	7.50223034	7.765113015	7.13606421	6.382681085	6.460051189
5244	3.951932762	5.226231062	4.036723106	3.653587456	5.553280624	5.290158961	5.203976338	5.633437023	2.955591792	5.415620095	3.857224626	4.03760186	4.914578874	5.516736944
340273	0.427284346	3.194812001	2.468087998	1.164271398	0.511468039	2.779469857	5.975898397	0	1.233581332	3.359394662	2.79150154	2.279649579	3.372966023	1.488412176
10058	9.714321601	9.945996666	9.326301167	9.286042042	9.200548982	8.960000773	8.60943031	8.456595084	9.090429513	9.079965513	9.127644886	8.57235841	8.759412531	8.995072059
22	9.249429934	7.644009107	7.172384502	8.4739971	8.705963046	8.615665313	8.800860436	8.480473157	9.237856698	8.813553548	9.070748615	8.58493545	8.432639608	8.548559156
11194	10.35726333	10.7407662	9.366565922	9.89759455	9.749156282	9.861348274	9.814991746	9.791060626	8.209834947	9.449230994	9.450474119	10.01684046	9.927377536	9.583770846
23457	8.164653553	8.523640753	8.080265388	7.251939645	6.27330887	6.637237817	7.09328656	7.189462852	7.37096633	7.977961035	6.56749221	7.052768004	8.002683395	7.127500187
89845	9.700391859	9.611767907	9.144207521	9.45420695	9.076076427	8.739630427	9.139966195	8.714015699	9.072662947	8.458095277	8.703766909	8.630873203	8.844374981	8.709057613
85320	6.539529521	12.92831659	0.931002202	11.11059939	6.589750007	8.656085155	8.320409761	11.33050675	3.946356572	10.29820683	10.09741196	11.12087613	12.64224666	13.25358245
94160	0	9.63957333	0	6.568611317	0	2.509138416	2.745237332	5.489706694	0.536550296	4.311575772	0.990737079	4.871577553	5.23727307	5.213942125
150000	0	1.061776198	6.790521838	5.959605571	5.327288556	6.719924042	0	2.63925532	0	0.732573121	2.101246657	3.878617454	4.948614863	0
4363	10.62055663	9.797775154	10.64573759	10.30299139	10.22848611	9.990914171	9.735844872	8.927418577	10.72697116	10.18468743	10.48134325	10.17649893	10.93568044	10.46539192
1244	2.625247107	6.386355722	2.68699348	4.199821514	2.884207159	3.455767771	3.633419585	4.105460182	2.955591792	6.375812717	1.572647178	3.651556905	2.903057557	3.915042791
8714	6.798190525	13.1093051	7.181423622	10.48017352	8.422601786	9.418663697	8.486968528	9.160198428	3.946356572	9.361982362	8.722994984	9.341510373	8.583774042	9.34106643
10257	4.88785179	6.174614147	6.957683647	8.782630365	6.918863237	6.914870633	7.671958512	4.105460182	6.443701126	7.407017024	6.745421557	6.612045761	6.83341005	8.531763529
10057	9.533966636	8.703858251	11.68912323	10.36721597	11.4827329	9.8731277	9.924307917	8.796086995	9.968686375	11.64374027	8.268486794	9.810007138	8.231331599	10.42009665
653190	2.916189988	2.55924706	1.492212122	0.869871406	1.434081067	1.119820952	2.09085343	4.419370343	0	1.72935699	3.442611804	2.279649579	3.875789891	0.444879056
730013	5.380926808	2.09173368	2.209921191	2.107654396	4.706331623	3.292619805	4.62263171	6.995133978	0.926758532	3.762487019	4.997012333	5.94028188	5.330572741	2.974878013
368	7.314682026	4.844611621	4.257945954	3.60536395	7.635698534	6.9357591	4.883860268	7.87841637	3.037030731	5.224607575	6.40236405	6.197712089	7.722753578	4.61323106
6833	7.443098536	7.228760982	6.601421677	5.997470814	7.390671984	8.192481709	7.77754399	6.412866188	0	8.257483548	9.025913868	7.546332702	5.693779649	8.069391226
10060	6.326815952	7.567496012	7.243160652	7.522552501	7.026376261	6.446747523	6.836484677	6.108348814	5.422791399	8.521810842	7.977795652	7.454178361	7.404985695	7.682379464
215	9.861931799	8.663798948	9.878301101	8.470635693	7.881992467	8.484770944	8.535306874	7.806087499	7.667288984	8.291393592	7.888452854	8.299298699	8.881189536	9.331393516
225	1.445355919	3.278044239	4.508352586	3.276273321	2.707502704	2.650626715	4.361761342	1.032806145	2.679423798	4.105208723	3.645920651	4.715662784	3.035641503	3.520221074
5825	11.22726263	9.901486159	9.600207858	10.50091765	11.13675938	11.1625456	10.78249965	10.52327898	11.33019608	11.26192942	12.0686201	10.48368279	11.69205449	12.01270303
5826	8.336533338	8.929783602	8.272630718	9.204962575	9.268529603	9.80947731	9.598510553	8.719396009	8.429333088	8.841914011	8.996470947	8.925943952	9.250407623	8.663525728
6059	10.36104905	10.34196407	10.34047058	10.34306343	10.44433204	10.0881913	10.15424763	10.99006836	11.05424112	10.6732717	10.63314582	10.62540493	10.17838052	10.43635665
23	11.03354758	11.0524953	10.47153063	10.97127036	10.65925581	10.59496015	10.9612073	11.49115918	10.97799022	10.74927262	10.72800968	10.46849565	9.92791082	10.90511386
10061	10.60627371	10.87129939	10.45671561	10.3976233	10.33688632	10.30170424	10.48559065	10.10788464	10.51014236	10.35360857	10.43202183	10.60173644	10.39134392	10.43221459
55324	10.2063508	11.02678104	10.26488168	10.17923845	10.35715422	10.16980214	10.47901517	10.68738671	10.03956312	10.21391564	9.94872932	10.06782987	10.28254684	10.69833978
9619	9.996035741	10.19511219	9.196418689	9.011510734	10.32974858	9.364487076	10.23158601	10.54616801	12.12880997	11.69315186	9.716216026	9.643806957	10.49502994	9.328154745
9429	6.479500588	3.75561401	4.671219764	5.920722043	6.694228326	6.711873427	6.048752774	2.048968509	6.619241321	7.337895698	7.345002434	6.773285612	5.393704491	6.568331621
64137	2.848778155	2.09173368	1.492212122	1.617627613	1.186880831	2.897743829	3.811460755	2.374093548	0	1.866551957	1.403485883	0	1.485426827	1.959473426
64240	0.427284346	2.264956718	1.895263839	2.239886801	1.186880831	2.176195095	2.09085343	0.606915942	1.233581332	2.213844945	0.729618025	0.514400039	1.956056652	1.663071313
64241	0.756425557	1.061776198	0	0	0.511468039	0	1.784503983	0	0	0.732573121	0	0	0	0
55347	10.0410951	9.516440114	8.813063192	8.650729382	8.961295722	9.05333674	9.463466133	9.907984225	9.220529724	9.388572939	9.336129602	9.151358583	8.86234166	8.957751253
83451	9.084286745	11.75153657	10.9904904	11.22274172	10.73613206	9.496880534	10.89359391	10.0704803	8.979168789	9.804496329	9.312430341	11.24549703	10.95804507	9.128517928
145447	0.756425557	1.395775743	1.492212122	0.869871406	2.271963449	6.767306529	6.906763152	0.606915942	4.610351629	2.798009028	6.242255699	7.233743331	1.056583528	1.663071313
26090	11.392481	11.96241465	10.52931459	10.20120697	10.19954181	10.40143187	11.08977096	11.29970858	10.4657931	11.15505942	9.768319819	10.72407092	10.91511698	9.92769679
84945	8.227948964	7.892036381	7.978042862	8.398176762	8.597616834	8.426930589	8.554197813	8.911836863	9.235702172	8.8314751	8.716237809	8.761936786	8.638233162	9.137797054
25864	7.984648018	8.484860748	8.242716343	8.405236363	7.90778539	8.508203214	8.157011362	8.953526873	7.585225468	7.970235914	8.020949391	8.036536851	8.180321443	7.144097369
84836	10.70370471	10.28651248	10.71507285	10.76481571	10.44565326	10.78824083	10.61642681	11.23575392	10.95983151	10.17439868	11.22941969	10.69491213	11.30390932	10.2749968
116236	8.61159217	10.5921638	7.65365194	7.592258933	8.366043266	8.811084359	8.460509958	8.600021784	7.644732361	8.72609211	8.237361035	8.201910711	9.132282763	9.038246306
84696	4.904546718	6.901382223	1.492212122	3.990455729	2.965045436	4.680155545	3.193771743	7.234401683	3.668232611	4.689958847	4.526600958	3.920035993	3.978204784	1.959473426
11057	13.76194432	10.61685316	11.08504145	12.90353359	13.8351244	13.17677086	10.98692633	11.10483447	11.50406423	13.03792954	12.75173811	15.1314698	11.66383932	12.26451878
171586	8.083279863	9.355703247	7.451793843	9.077077663	7.897523611	9.237053132	10.79314084	8.286292069	6.164478579	8.143957116	8.440969219	9.317494244	8.208687462	7.535656416
63874	9.765823455	10.3261625	10.89824229	9.883129266	9.646424604	10.06151323	9.463466133	9.659159993	8.650858242	10.42651406	9.785636369	9.3443656	9.862465805	10.34956985
51099	9.287325685	9.313172826	9.291324057	9.185616579	9.081752645	8.463351893	9.224947078	8.851043447	9.830613285	9.893496001	9.619340375	8.731724965	9.387773299	10.25168099
57406	7.204375511	6.107932621	6.460011859	6.139708915	6.009085109	6.121674413	7.276442694	6.49881092	6.061197276	7.169085189	6.419103995	6.318792238	6.580159055	6.151038871
79575	8.954995098	8.865641727	8.409709991	8.401711094	9.710110226	8.56517064	8.636272966	9.258334477	7.969114218	7.712529064	8.112550539	8.722975181	8.055079576	8.115209115
10006	9.652281764	10.06233087	10.35838615	10.05793299	10.27705988	10.20392533	10.36110817	10.63806379	10.61496754	10.66005875	11.04845915	10.62806691	10.50144323	10.55252069
10152	10.28975022	10.2649967	9.850234979	10.50667294	10.65126162	10.20248959	9.801878886	10.09483408	11.31088267	10.89799947	10.50146104	10.07872964	10.1057658	10.54880034
25890	7.149396563	7.675049508	8.569728418	8.859175699	8.509396173	8.118283926	8.320409761	2.963326148	7.212510003	9.021626577	8.768340829	9.40122961	8.715633272	8.865812748
51225	7.27670602	8.819503738	7.836436706	7.841610262	7.569371085	8.602662125	9.101955455	6.507131799	5.566863852	7.647366321	6.935830982	7.450649588	7.208297772	7.307997658
25	11.01276119	11.35554838	11.61600015	11.39110023	11.49171453	11.23841483	11.12441784	10.64041514	11.63795813	11.29952858	11.46228125	11.17747747	11.14327006	11.78641271
27	9.516421006	9.662019239	10.08510341	9.963046049	9.915402733	9.976706166	9.414339793	9.656357464	10.20617568	10.25237899	10.70230985	10.01026318	9.865809501	10.54112779
3983	11.49061149	9.967226259	9.520528718	9.914392607	10.73577203	9.698763172	10.71694941	8.036208237	11.53593256	11.03509311	11.58418938	10.90385474	10.54802715	11.16362326
84448	6.829131585	5.657737172	5.533902803	5.860356997	7.035764654	6.121674413	5.975898397	6.340222206	4.876841056	7.080175832	6.204127019	6.334194611	8.187465406	3.982519061
22885	11.99278139	8.126251204	9.467936232	7.736378929	9.255530946	9.205864833	10.58997157	4.762912175	6.509382316	9.286034415	9.746377603	10.16362402	9.358797551	9.372849175
28	5.846092094	1.395775743	0.931002202	2.472773683	1.829118896	1.975630186	0.859969548	2.63925532	3.037030731	3.831167877	1.724039016	3.440061863	2.757044588	3.101683689
26	1.617298483	4.362883631	4.324738611	3.873153699	3.24953636	2.897743829	2.910732662	5.921802861	0.536550296	8.556452024	6.131494827	3.549681491	2.310340121	2.205236098
137735	0.427284346	1.061776198	0.931002202	0	0.511468039	0	0	0	0.536550296	0.412293771	0	0	0.443606651	0
29	11.62671778	10.9407942	11.11483666	10.50913248	10.33593673	10.7791195	11.13595856	10.98932623	10.73309373	10.6582879	10.18117276	10.72954138	11.07002801	10.73242736
29777	9.096146397	8.890650363	9.314106005	8.913413041	8.991763031	9.283964819	9.40743051	9.67031545	9.150206778	8.967356254	8.966414316	9.304846168	9.129503526	8.932380128
80325	9.321922459	9.953841119	9.454949028	8.924511465	8.853939836	9.856791992	9.20117339	9.181147038	7.821777808	9.121834199	8.303470718	8.743308954	7.902811626	8.429688348
25841	5.913638625	7.579849919	6.252652188	5.920722043	6.824518389	6.059588901	6.784104779	8.552580727	9.490949927	7.25283287	5.943715079	6.326513979	7.408046907	6.523726602
30	9.612290198	10.39478035	10.37928706	10.40996005	10.24122253	10.84639341	10.60363766	10.06626373	9.488237624	10.1690194	9.995057781	10.3394443	11.15379444	10.11365466
10449	9.587944743	8.974136923	10.43514882	9.951035646	10.24881078	9.891063999	9.777971306	9.229713845	10.36442524	9.637172414	10.06763791	10.13092495	8.828468155	9.550110705
31	11.71441275	13.83805008	11.81534375	11.72597521	11.19526749	11.0964455	10.41241975	10.53094907	10.59368813	11.20018253	11.65421018	11.58406209	11.20375396	12.82664809
32	8.909188361	6.770974365	8.097463844	7.204205289	8.289626546	8.717686361	7.94911934	11.57467072	8.242391955	9.802894195	8.10567284	9.351952247	7.806338237	8.431198379
80724	8.984744559	9.343678968	8.90869614	8.824047026	9.365717467	9.050147401	9.224947078	9.011695217	9.044630177	8.619699115	8.536122857	8.265554103	9.435059512	8.838756735
84129	9.107585092	8.657731814	6.445076113	8.71686815	8.73506991	8.548993327	8.463843938	8.747599545	8.531227435	8.14732807	7.884198609	7.601473678	7.519807636	8.199156023
27034	8.910222077	8.077712995	9.610283704	9.059285778	8.575257487	9.08016517	9.314462703	8.626992088	9.079887136	8.408390887	8.168075363	8.547432477	8.827325236	8.080982702
28976	9.733776477	9.725602967	9.822045598	10.01581979	9.878670633	9.92780255	9.953180103	9.867839336	9.703855483	9.788389305	9.415465454	9.6849353	9.999767516	9.805500608
33	0.756425557	0.626485863	0	4.294113419	1.434081067	1.119820952	1.3950628	0	3.037030731	6.62825013	1.724039016	2.401630467	1.956056652	1.289598422
34	10.30043573	9.099558741	8.833277212	9.900720116	9.726145597	9.874029685	10.25390526	9.842922279	9.996311344	10.05385381	10.07513923	9.332910631	9.707097318	9.797331776
36	11.0612704	8.012373128	10.92808609	11.08362425	10.52195538	9.884811574	10.22962878	9.280343697	9.968686375	11.86498107	10.78239489	10.37711062	10.77838732	11.06200565
35	7.399588116	8.742835549	8.630396734	7.279132312	8.986931372	9.868608526	8.821798531	10.12149557	8.242391955	7.981610091	8.283801882	8.744750435	8.61986745	8.327967542
37	11.59232767	12.7019046	12.34618194	12.35857198	11.91744507	11.50035682	12.29713652	12.87377228	12.39651892	11.00541529	11.08016997	11.41192933	12.50287446	11.17424792
176	4.746817944	6.952949702	6.692760548	5.038159592	4.362785466	4.577567803	5.879330832	6.140792968	5.482157741	7.149048971	4.526600958	3.699918034	5.653074352	5.804652492
9744	5.105673888	8.312974142	8.28106531	7.244124992	6.934004532	7.825528707	8.852647167	4.383669736	3.187292681	5.680473458	5.789171051	7.54963529	7.249838767	5.19983329
23527	10.41703771	10.12518588	9.477141802	9.537688996	10.01012636	9.803807427	9.625555617	9.588393272	10.2165914	10.82305104	10.22744868	9.732935132	10.01882665	10.88183207
116983	11.09187355	10.18028029	10.94420099	10.09812199	9.62897677	9.876057513	9.763271966	8.659133941	8.284772289	8.427965629	9.014043352	8.520806837	9.616174246	8.555721843
38	11.2373899	9.69929933	11.20402954	9.449945932	9.065802776	9.502725214	10.19794658	11.33197096	9.703863267	10.02620056	9.98338	9.489856789	9.359588374	9.862027919
39	7.879619393	9.938245207	9.519513206	9.509295214	9.026764655	8.591385083	8.351484784	9.64082732	8.607192326	9.201469686	8.81409887	8.486030105	8.913656574	8.532861218
64746	10.52592841	10.73525417	10.52488261	10.54513187	10.38634408	10.41699033	10.5188279	11.69698391	10.49490987	10.83564188	11.5050528	10.61559019	10.29003325	11.29135244
79777	8.311709722	6.959268231	7.587188694	7.529030683	8.502641288	8.512844341	7.968026221	9.141615436	7.526334909	7.896036871	8.027769459	8.137525553	8.766609406	7.874463175
91452	9.771523803	9.40629452	9.164863695	9.414523095	9.138407998	8.974777082	8.842437405	10.68692898	9.040933241	10.06770661	10.2018785	9.656115732	9.477934495	9.34347467
84320	8.229606668	8.941000641	9.841707588	9.613558909	9.433873951	9.476829827	9.354528636	9.722157233	8.886078195	8.780288443	9.550731781	9.260187301	8.67935377	9.229184608
414149	4.746817944	6.141657581	5.353718496	4.643665741	5.940765791	5.780491212	6.740785928	7.386448848	7.529856077	4.726477038	3.952296287	4.973459743	5.442293307	3.039682373
40	6.210772633	1.061776198	1.492212122	0.499476	0.888382834	1.119820952	0	0.606915942	2.337568385	3.263244784	1.572647178	7.27423277	0	0.784336461
41	8.826172511	7.451273765	5.791738549	6.42317307	7.61705673	6.46602016	6.684741609	9.328083368	7.647976408	7.53348003	6.962723681	6.691931912	4.543508256	6.4951307
9311	7.106741941	8.530127721	5.446623475	7.27142661	4.964065877	4.744710077	3.059182199	5.921802861	3.037030731	2.727702673	5.327716103	2.892604743	4.353337407	2.41516373
55515	1.770871322	3.569916352	1.895263839	1.962067736	3.73773002	2.176195095	1.784503983	1.36120689	0.926758532	0	1.211822119	0.892818428	0.443606651	0.784336461
51802	0.427284346	0.626485863	0.931002202	0	0	0	0	0	0	0	0	0	0	0
390110	0.756425557	0	0	0	0	0	0	0	0	0	0	0.514400039	0	0
84680	8.579456617	7.701672418	9.861527094	8.029232003	8.281757589	7.71306546	8.624404349	8.578471572	8.288851313	6.507545714	7.312517245	7.166498542	7.009003345	6.208532867
65057	9.258388895	9.491590582	9.47162543	8.405236363	8.470117889	8.424469496	8.353139766	8.444105061	8.942650265	7.865664614	8.04764308	8.469369124	8.023491568	7.794580922
59272	0.756425557	1.061776198	0	3.213300617	2.138912742	2.779469857	3.725184908	4.419370343	3.386879907	1.577682599	1.572647178	2.618426617	0.443606651	0.444879056
125981	2.625247107	2.264956718	2.209921191	2.361038407	0	0	0.859969548	4.015015782	0.926758532	1.408222729	0.410449655	1.651683181	1.659924558	0
340485	6.197283542	6.085003922	5.926872365	7.150600292	6.983357339	6.735891739	6.134933485	5.472812666	5.907268051	8.399937536	7.695818475	5.396663002	7.62089427	7.874463175
55331	8.817381509	7.368241907	7.217025156	7.4996482	7.826277718	7.403890585	8.076541459	8.728319182	8.05471121	8.495603632	7.492021401	6.876833691	6.395076513	8.090571891
1636	11.73220699	11.06902186	8.672678499	9.049180672	8.653569185	8.317119522	8.535306874	10.88904568	6.173511248	9.062369999	8.286845117	8.119859849	7.730110735	9.375989472
43	3.546511748	11.51388937	3.331447262	3.653587456	3.910982042	4.712793849	4.669588082	3.45117154	4.55612895	3.652933862	3.824085542	4.372018779	4.134237371	2.205236098
22985	11.68012332	11.7797004	12.06622309	11.96703975	11.77810334	11.98108498	11.96555704	11.74855079	11.66563038	11.38267411	11.58558035	11.40943209	11.36011529	11.15770567
47	12.86923995	11.9199227	12.82815214	11.65907425	12.42837687	11.25062275	11.36406996	12.27390042	11.48173915	12.11634533	12.25071239	12.15836022	12.28459565	12.76210942
130013	7.602540021	4.701194161	2.468087998	1.164271398	1.434081067	6.169486115	0	0	0.536550296	1.408222729	2.207861624	2.146394549	4.073837367	0
57001	7.612737304	8.095031423	6.503908402	6.087997388	6.065171603	7.035892191	6.805284716	6.539937346	7.54385543	5.943473637	6.831312311	6.992984773	5.975460523	6.842515034
48	9.659167487	8.578128856	9.529405761	9.783025228	9.492151423	9.70992178	9.59699308	9.338610489	9.375338586	10.1371633	9.79421732	9.920638835	10.03673753	10.60908785
50	11.19544462	11.15528906	10.92957562	11.64924374	11.21516894	11.23739862	11.5994351	12.31823051	11.23743161	10.66111733	11.43651693	11.62534543	11.56590496	11.10964492
26027	8.005791825	3.696327732	6.127282467	4.595097816	4.706331623	5.105845667	4.669588082	6.545844845	5.245689601	5.130733227	4.701011134	5.050079362	4.628272005	3.85940309
134526	0	1.061776198	0.931002202	0	0	0	0	0	0.536550296	0	0	0	0	0
55856	9.341392505	9.82407281	9.379368619	9.035186472	8.424604281	8.919380309	8.993124077	9.579051514	8.805121525	9.167759585	8.975214304	8.88068981	8.591994254	8.853474871
641371	8.561143191	9.871650703	9.21414521	9.489510824	9.012119158	8.431840217	9.347326156	10.12892719	8.339891413	9.454002292	9.716216026	9.812758599	10.82121441	9.12292167
10965	8.506133396	8.975696097	8.538409734	8.989367249	8.54927256	8.010831299	8.62738067	9.491089869	7.956086282	8.875836571	9.292126729	8.840888049	10.25178086	8.768809247
122970	8.345733447	6.820401095	7.957141519	8.781274133	7.975207711	7.551036065	8.123674473	8.406796421	4.583495015	8.511385016	8.80064045	8.693421094	9.968911541	8.846700466
641372	2.454333844	3.194812001	2.68699348	0.869871406	2.138912742	1.119820952	0	2.220670465	1.233581332	2.493519248	1.724039016	2.97351944	5.166727494	3.56493904
11332	9.832239073	9.340052144	10.04480897	9.539294348	8.507710216	8.826079058	9.086898648	8.274156344	8.444337427	8.520511825	8.801704803	8.187142211	8.531395887	7.682379464
10005	8.330537337	9.650439852	8.85925181	7.933520708	8.30585792	8.473196354	8.745118985	8.750370681	7.612914191	8.658378954	7.592580371	8.570685299	7.811503141	7.584929439
23597	8.321068534	9.895732948	9.130270667	9.077077663	8.953886796	8.697443711	8.897717211	8.507678507	8.869498843	8.099406201	8.41755593	8.339922581	8.112506232	9.243008754
51	10.32767524	10.76260603	10.19991142	11.22876321	10.15246827	9.850865667	10.55928674	10.94638019	10.73538297	10.43860121	10.2433674	10.03777631	10.24983284	10.69771249
8309	6.802652066	9.717118256	10.2943447	6.253611152	7.228204934	8.05604968	7.03781378	5.272654044	5.003809092	6.637866688	8.859063854	6.520761666	7.332722253	4.969785959
8310	9.532624372	6.984266918	8.524269017	9.300824305	9.487027435	10.00415992	9.752298181	9.494232182	8.782142163	9.928201377	9.81069919	10.35084782	9.136902959	9.292870535
55289	2.703654454	3.10648233	0	1.164271398	2.138912742	1.975630186	1.3950628	0	1.486456956	0.994579724	0.410449655	2.146394549	1.056583528	0.784336461
52	9.550638291	11.26886822	10.44737835	10.63082134	10.19273875	10.53804184	10.90160638	11.09624373	10.54100598	10.64404192	10.55545948	10.68067361	10.63714642	10.38233935
53	10.22349145	10.76981314	9.968532308	10.07518817	10.08381875	9.658490889	10.76571399	10.71503217	9.458975171	10.42269418	9.989931171	9.889699706	10.34936196	10.37136751
54	10.29648735	9.959367789	11.82113902	8.83846209	9.57094576	10.7246478	11.15825219	9.857636137	6.343215924	10.01609582	9.524541323	9.444450491	9.678227226	9.79146426
51205	8.339606416	8.231794304	7.503165842	8.410508592	9.239370114	9.329399234	8.283150413	9.48373155	7.780989812	8.454017925	8.229473525	8.444746981	8.095516759	7.421761895
92370	8.935831571	7.275081565	7.172384502	8.641790937	9.431208618	8.672771123	8.506498804	8.617417507	8.782142163	8.581586254	9.035897688	9.36231887	9.230659356	9.627243492
55	5.076499238	5.776988289	5.743727684	4.544837733	3.951224091	4.388485762	3.535418472	4.920707753	2.77747232	4.132675541	3.857224626	3.920035993	1.956056652	4.848437663
93650	1.024319679	0	0	1.617627613	0.511468039	0	0	0	0	0	0	0	0	0
84519	4.690160047	7.074338448	4.77040093	5.074038677	3.951224091	4.894487967	5.593048944	3.760465811	3.506081414	4.077208811	4.50585918	4.372018779	4.608821068	3.982519061
93953	3.781611507	4.201696586	4.721662482	4.133349802	3.540808435	5.825953491	4.8434764	2.512757842	3.76701911	3.762487019	2.569539699	3.960298552	1.956056652	2.598389028
56	1.445355919	0.626485863	2.68699348	0	0.511468039	1.46456372	0	1.628586977	2.460742564	0.994579724	0	0.892818428	0.443606651	0
49	1.024319679	1.66680203	0.931002202	1.962067736	1.186880831	1.46456372	2.09085343	0.606915942	4.14310766	2.865067591	0.990737079	2.146394549	2.50589093	0.444879056
23205	3.45878882	3.012407769	2.468087998	2.929753131	2.393773123	1.975630186	3.316869805	2.63925532	3.037030731	2.493519248	1.986119636	2.514097005	1.815575429	2.509695842
81616	2.360617112	1.395775743	0	2.107654396	1.992297122	1.975630186	1.3950628	0	1.88869455	0.994579724	1.572647178	1.440208075	1.815575429	1.0590091
80221	7.028919396	11.6108861	7.116926121	10.60469434	10.52529176	9.597532105	9.44334039	10.99414331	8.873661577	9.735627945	10.14808223	10.49614643	11.14258103	9.636437747
197322	9.494529417	8.5130501	9.023733011	8.291726485	8.301350318	8.426930589	8.907544469	9.605928924	8.695437458	7.911977936	8.005772179	8.383140927	8.834169522	7.926790548
2180	10.35346765	9.987460291	10.66519981	11.27811035	10.90123604	11.20079913	9.949498603	6.715337431	9.653911098	11.07280682	9.593762534	11.31846203	8.989380591	10.86768044
2181	12.17854883	11.41479129	10.86004787	11.86735941	12.32616053	11.50064891	11.81640051	12.76578109	12.73912764	13.5850973	12.52580814	11.83204254	11.65355817	12.93633851
2182	7.414237878	8.780787112	8.804312396	9.102274943	9.422288514	8.935561994	9.01372018	6.430469278	10.10358012	9.833556948	9.287575721	9.197354566	8.978095503	10.21137803
51703	6.29550631	8.283064269	8.264146993	8.091829925	8.857914766	8.399625283	9.593953337	7.931924116	9.285501863	8.605064985	7.878399816	8.277554291	8.053125459	7.205822567
23305	6.496120362	4.284536342	1.895263839	2.472773683	2.965045436	1.742609903	3.633419585	3.91851027	1.233581332	4.381940881	5.38564846	3.12288803	4.134237371	5.605023117
116285	4.10425278	4.844611621	5.815157827	11.03210815	2.798548268	3.85715494	3.633419585	5.472812666	3.718471228	4.381940881	7.181283473	6.295374062	7.974773068	3.039682373
123876	0.427284346	0	0	0.499476	0	0	1.3950628	0	0	1.72935699	0.410449655	0	0.443606651	0
348158	0	0	0	0	0	0	0	0	0	0.994579724	0	0	0	0
6296	2.036292321	5.305934052	3.955591792	7.516306746	5.244369544	5.336761826	5.87993117	7.374130073	7.874465019	5.098360601	6.026888566	5.779679964	5.874615019	4.896635141
341392	0.427284346	0.626485863	0	0	0	0	0	0	0	0	0	0	0	0
54988	3.101397952	2.803537038	4.950393758	3.60536395	4.137151004	6.046844619	5.838818178	1.032806145	2.869279207	4.287339308	5.111298453	3.495912574	5.578953804	4.407658663
84532	9.395382896	12.71853044	8.548924762	9.241907618	9.880658132	10.03190958	10.65631482	11.00666648	9.91718483	10.50841697	9.334659889	11.23322594	9.407792054	8.202697359
55902	10.16016552	9.707767205	10.2184298	9.340035226	8.93519629	9.072326112	9.409160935	9.592308462	9.761159424	9.857420598	9.837411276	10.03521644	9.945399648	9.864265862
79611	7.8955771	4.541929846	9.702649925	8.39285919	8.650517221	7.898277897	6.134933485	5.040182303	8.552156091	8.419585239	7.937693959	5.71172616	8.850013641	7.612214622
58	1.617298483	3.356735419	3.044901159	4.884978813	2.393773123	3.108658266	7.910545598	2.374093548	1.88869455	7.598950973	2.858498283	3.38196164	3.560727181	2.760944774
59	11.8843065	12.81442815	12.7319446	13.7663762	13.24781139	13.66634799	12.4137109	9.97763626	15.08495945	13.66619767	13.40187149	13.38294291	12.39074509	13.65781518
345651	1.617298483	0.626485863	0	0.869871406	1.434081067	0	1.3950628	0	3.76701911	0.994579724	1.986119636	0	1.056583528	2.681966429
60	15.35356334	16.70810765	16.74819122	16.59188396	16.52958079	16.5261523	16.44323714	16.29235398	16.57977584	16.28613663	16.38357524	16.94812314	16.53153113	17.02631219
70	3.0422591	0	1.895263839	0	1.186880831	1.46456372	1.3950628	0	7.280973939	3.160242556	1.211822119	0.514400039	0.443606651	1.488412176
71	15.69396404	16.47641102	16.62635212	17.43695135	16.27091928	16.31079628	16.61763982	16.11571112	16.65541102	16.20114766	16.10782627	16.54958472	15.91917012	16.2488573
72	7.986609463	8.131855418	6.399323218	10.97037815	7.887188318	6.192811598	7.958603753	6.075160358	12.59193537	11.40555054	8.811248161	9.306799258	7.52827281	8.907640302
86	10.50144014	10.31450474	10.3181044	10.19409099	10.09733176	10.04878614	9.981253308	10.70557459	10.15863556	9.899505113	10.31428142	10.27655668	9.875794497	10.53797731
51412	7.066501484	0.626485863	0	0	0	0	0	0	0	0	0	0	0	0
10881	0.756425557	0	0	0	0	0.665938454	0	0.606915942	0.536550296	0	0	0	0	0
10880	0.427284346	0.626485863	0	0.869871406	0.511468039	1.119820952	0	0	0	0	0	0.514400039	0	0
81569	1.617298483	0	4.449706627	6.05246589	0.511468039	0.665938454	0	0	0	0.732573121	0.729618025	1.651683181	1.485426827	0
284382	0	0.626485863	0	0	0	0	0	0	0	0	0	0	0	0
87	12.41205534	12.47309973	12.46776973	13.25690943	12.82983658	12.95225513	12.48606604	12.26764005	13.27036701	13.17506144	12.99614659	12.6221732	12.32625288	13.33560656
88	2.036292321	1.061776198	3.195284597	0	0	1.119820952	3.535418472	0	0.926758532	1.991825659	3.256421951	2.618426617	0.782408565	2.087598618
89	1.25011268	1.395775743	1.492212122	1.962067736	0.888382834	0.665938454	0	0	0	1.216175457	2.101246657	1.440208075	0.782408565	0.784336461
81	12.94602433	13.52236466	13.45061925	13.57996472	13.64574849	13.15657221	12.97738476	13.00707658	14.35973088	13.63289214	13.40402628	13.52004046	13.65903907	13.27413591
55860	9.733478571	10.08674662	9.162583172	9.903215613	10.12398376	10.00580712	10.05162999	10.15695576	9.852572267	10.20868185	9.733608044	9.980594883	9.958509071	9.939418335
10121	11.27399352	11.65266445	10.89687101	11.85790268	11.33917481	11.45133343	11.55670238	10.41801576	11.08837166	11.44271832	11.5012909	11.67287033	11.63146434	11.89847325
10120	10.44904772	11.32223418	10.80992694	10.19866959	10.22335992	10.64179446	10.22570633	10.83099579	10.40621415	10.22870844	10.02498518	10.12595544	10.55598387	10.17217645
10097	12.05603674	12.51404509	12.34994508	12.26998561	12.06759886	11.9398909	12.27358734	10.68967272	12.08714437	12.80775111	12.64785934	12.33466581	12.79212143	13.0727311
57180	8.495150692	7.186300478	7.268832031	7.090553896	7.884592427	7.630058124	7.313873447	8.098098424	9.793743589	7.536053678	7.635019364	8.072430628	7.154629787	6.94755746
653857	4.461017711	6.163712061	4.388575307	5.473861577	4.238198352	4.744710077	3.969924068	3.227771876	5.101696294	5.07688399	5.083566551	5.381916662	5.523577637	5.539320136
10096	10.9513073	12.43252019	11.67958495	11.8370076	11.37035121	11.61810841	11.90368636	11.5962775	11.59868022	11.96399611	11.65744726	11.70839574	11.51455094	12.09504072
79913	8.52380343	8.325255978	7.538771714	8.143404644	7.842416976	8.036843417	8.197627078	9.255867969	7.385732142	7.927744783	7.505147801	8.009065508	7.687915215	7.44586986
64431	8.768049976	8.71323459	9.018698428	8.703227736	8.977218951	9.034094359	9.410889288	9.215822238	9.131787524	9.251996434	9.129570239	8.428693901	8.844374981	8.388302351
93973	8.591107898	8.117803594	9.144207521	8.611589589	8.979653265	8.209735541	8.763470667	8.790985716	9.409190006	8.794331707	9.390902802	8.245328798	8.787916921	8.51619366
139741	0.427284346	0.626485863	0	0	0	0	0	0	0	0	0	0	0	0
140625	0	0	0	0	0	0	0	0	0	0	0	0	0	0
91	10.44655566	9.916987558	9.878301101	10.27772979	10.4341624	10.59823939	10.08448899	9.878628182	10.88962526	10.37281327	10.62445041	10.9669702	10.0357483	9.994086797
130399	3.41283571	5.117445707	3.676493094	2.849198652	2.798548268	3.455767771	3.430285273	2.512757842	1.701549057	5.989270734	2.858498283	5.012278139	4.010797738	2.314029397
90	8.867212936	10.02709653	9.207523202	10.12039666	9.854371144	9.783785663	9.74956896	9.154913526	10.24311113	10.09894138	9.971606778	9.619655469	9.600745126	10.58283041
92	7.739135893	8.559535788	7.881506174	8.408753464	8.799867324	8.148422687	7.934774777	6.656716591	10.33905931	8.763912792	8.476058406	8.872880152	7.799360636	9.377556953
93	8.526503152	8.500108099	8.314317678	8.338576396	8.461436063	9.559905122	7.558031095	7.141263153	8.913294252	8.851244947	8.884401027	8.216529074	8.093616689	8.21151261
94	8.425994224	8.63646113	9.27452655	9.064869382	8.611809764	9.413708946	9.475077585	7.422082432	7.821777808	9.139713519	8.757411679	8.844926035	8.5592004	8.662240399
95	9.512341667	9.787159641	9.332481935	9.556043092	9.300036071	9.452878316	9.330988115	10.21206637	9.405313385	9.472260098	9.707577073	9.463345354	10.4935897	8.523461591
91703	1.024319679	5.346797369	1.492212122	2.361038407	1.434081067	1.742609903	3.430285273	2.963326148	2.679423798	3.105845667	1.572647178	1.999567127	1.956056652	1.289598422
97	7.013608532	6.978058311	6.252652188	6.827008551	6.923927617	6.872165115	6.515139996	6.67897894	5.672583747	4.989443322	5.904623784	6.263549026	5.393704491	4.015105014
98	7.062786594	7.097435927	7.421595288	6.587354489	5.910466449	7.042326962	7.261194172	6.312009815	7.093823179	6.019014647	6.047852439	6.554030083	5.983691374	5.823176142
132612	0	0	0	0	0	0	0	0	0	0	0	0	0	0
161931	1.445355919	0	2.209921191	0.499476	0.511468039	1.180784391	0.859969548	0	1.504874589	0.994579724	1.403485883	0.892818428	0.782408565	1.0590091
161823	7.217798763	7.767957314	6.414735967	7.081767821	6.531216126	7.595470839	7.299017478	7.198891901	7.769121111	7.571613865	7.309527285	6.778924751	8.224402099	7.330832644
102	10.4928392	11.46310847	9.229479053	10.49306996	10.4557426	9.432201961	9.807138341	9.347903901	10.7018279	12.34123835	10.68395702	10.19137586	10.4975469	12.30328057
4185	4.505478128	6.163712061	5.446623475	3.276273321	3.373188814	3.530907243	3.430285273	5.192387511	4.785529628	2.493519248	2.983805361	2.514097005	1.956056652	2.087598618
8038	9.993111336	10.73202909	11.0509235	12.10824667	12.29827589	11.89837291	11.51592913	5.750185747	7.564603	11.02825357	11.76052515	10.40427271	11.19292364	13.99090503
8751	12.66917697	11.78414491	12.2745421	11.97691169	11.06781193	11.47970878	11.96411282	11.84631039	10.76742977	11.68898743	12.46287182	11.88859619	11.5737453	11.2457521
6868	8.654178446	9.199014395	9.22073672	9.327083046	9.141672396	9.138389054	8.569753477	8.224567061	9.670754668	9.772657184	9.461964152	9.164342808	9.501055331	9.725910511
8749	0.427284346	0	0	0	0	0	0	0	0	0	0	0	0	0
8728	8.929726802	9.012617835	9.708915057	9.194812985	9.564473822	9.098806665	9.011443643	5.171599159	4.55612895	9.025295177	8.266946259	7.543022537	8.71933474	9.694813696
8748	1.024319679	2.419592823	1.895263839	1.408657521	0.888382834	1.119820952	1.3950628	2.374093548	0.536550296	1.408222729	1.572647178	1.192320435	0.443606651	0
145241	0.427284346	2.686545348	0	0.869871406	0	1.46456372	0.859969548	1.032806145	2.054327554	1.216175457	2.207861624	2.514097005	1.659924558	0.444879056
8747	0.756425557	3.634500338	1.492212122	1.962067736	2.884207159	3.007051943	2.558267634	2.63925532	2.77747232	3.7972413	3.921303024	3.12288803	4.163514834	2.205236098
53616	5.269324948	3.431342148	3.775335048	4.492769718	4.682623858	6.437012957	3.892866988	6.292890315	5.62069197	5.761891589	5.943715079	6.74475447	5.71370956	5.955005854
8745	1.909696312	1.894875955	4.187902321	5.829200099	5.148450143	5.290158961	4.574095451	2.220670465	3.668232611	5.426757871	5.40818196	3.699918034	6.363885938	6.579270676
10863	5.871794375	6.658988329	6.429985796	6.464313757	6.277904802	7.135554364	7.564256973	3.644583125	5.949948073	6.27464372	5.896676309	5.835946806	6.810457243	6.540614733
11086	0.427284346	0.626485863	1.492212122	7.810041371	1.186880831	2.176195095	0.859969548	0	0.926758532	0.412293771	0.729618025	1.440208075	2.411426246	0.444879056
2515	0	0	0	0	0	0	0	0	0	0	0	0	0	0
11085	0	0	0	0	0	0	0	0	0	0	0	0	0	0
203102	5.681454888	1.66680203	3.676493094	1.962067736	2.965045436	5.565021323	3.633419585	2.048968509	6.927591911	2.653793793	5.40818196	3.549681491	3.035641503	4.675725619
80332	4.343471783	5.13986646	4.77040093	7.937251984	8.669759552	7.500524033	8.229316334	0.606915942	3.668232611	6.293020952	6.396740054	7.355733415	6.674700742	7.569404506
1587	0	0	0	0	0	0	0	0	0	0	0	0	0	0
255926	0.427284346	0	0	0	0	0	0	0	0	0	0	0	0	0
8755	13.08109002	15.65359104	14.66675278	14.36912921	13.57297078	15.29324878	15.32463386	5.840390216	10.12329916	14.42287106	14.6138703	16.28010529	12.71261751	13.71163896
8756	0	0	0	0	0	0	0	0	0	0	0	0	0	0
101	9.173101442	8.805544944	9.169413956	7.699523871	8.311047569	7.891165794	8.782286675	9.430050005	4.410924469	7.601411277	5.789171051	7.984872416	8.162305218	6.819633699
8754	9.913370254	11.22955037	11.50742044	10.56260277	10.63591107	9.470879074	10.35612015	11.9189895	10.4468266	11.26639267	11.70969398	10.80748003	11.83765813	12.65470237
27299	5.897046762	7.914971061	6.654320964	6.464313757	5.077499379	4.806499356	6.773396396	6.832519169	1.233581332	6.198702371	3.645920651	5.086915362	5.77189878	4.357706822
81794	8.921546419	6.841076186	7.634032692	7.836396308	8.275827459	7.936779846	7.335874447	5.385258456	7.040512205	7.214783429	6.362529503	6.128726442	6.29940586	7.896497706
81792	8.173877476	8.140221385	8.106983191	8.465579056	9.207533695	8.346015906	7.124631077	2.512757842	6.118446943	8.590280889	9.411266917	6.943628352	8.784387505	10.56986311
11093	7.816170239	7.504087228	6.474792941	6.971940097	7.260594038	7.659657024	6.846736503	6.233960898	6.727468521	5.770659929	6.164963226	6.287483377	7.132591237	5.410497144
140766	6.257016277	6.965558052	8.580018444	8.438306576	7.549846263	7.919406232	8.782286675	3.644583125	2.202887833	6.726169103	6.868354645	2.97351944	7.820193645	8.15413963
170689	5.888677504	5.226231062	5.905211283	8.905966374	8.578473082	9.940992128	8.453819207	9.274263525	4.179431429	6.739630764	9.249081682	7.772340969	10.21248654	6.579270676
170690	6.544865546	6.770974365	7.243160652	8.852734546	9.972124395	9.305524168	6.740785928	1.032806145	8.693868838	7.933613355	8.177945191	4.66783537	8.366511501	10.03538486
170691	3.951932762	6.338686472	5.616204761	8.510463534	6.944011551	5.765012205	5.593048944	4.616804647	10.73728791	6.951120326	6.254743308	8.157144792	6.664497062	7.307997658
170692	0.427284346	3.812559834	4.77040093	5.720196367	8.454452296	7.829254655	4.669588082	0	6.833848961	5.708126525	4.125494063	3.878617454	2.903057557	6.6484223
171019	6.914045423	2.09173368	0	2.576473765	5.526895119	1.975630186	4.923144425	9.486889712	5.279549297	4.708336244	4.547054922	1.651683181	6.189838393	0.444879056
9510	7.876659981	9.011098078	8.759744739	9.712921065	8.482185578	8.361537218	8.679930432	7.214217108	10.56480113	10.69617887	9.124475478	10.29044157	8.98835834	9.698580878
80070	1.617298483	0	0.931002202	2.849198652	3.183502394	0	0	0	0	2.213844945	1.724039016	0	0	4.108683354
9509	8.154812541	9.378276646	9.831694867	9.963046049	10.50304337	9.871321729	9.288374482	3.760465811	8.225119691	8.890996232	9.409871825	8.658667788	9.654578749	11.45359361
9508	3.886198941	3.634500338	3.676493094	4.843998914	4.477457151	4.680155545	4.242594885	6.595612563	7.005532483	5.299233666	5.315848771	4.761955396	4.731199537	5.90371076
9507	8.61666793	9.789820851	10.01478055	9.401342902	8.594443673	10.12351735	9.700952547	8.532343846	7.322170628	9.735627945	8.950188433	7.868039121	8.979125049	9.860347374
11096	5.120044987	7.038981523	7.398524813	8.235403489	8.305236861	7.663836299	6.449389694	5.871138881	7.748112996	8.839832389	8.836393152	7.385608775	6.942997669	10.14113744
11174	5.439390426	6.562686614	7.367177959	6.536820682	7.575820573	6.314767209	5.203976338	2.755549921	2.679423798	7.026273335	6.11788617	4.514033865	5.991875532	7.817859211
11173	7.197616758	8.775426249	8.807235122	8.168517186	8.158260774	8.000954343	8.157011362	6.430469278	8.921359859	7.689593401	6.996578562	6.137532213	7.737430563	8.612522061
11095	3.316305067	2.911749097	2.68699348	5.126246041	3.78303751	4.388485762	2.910732662	1.854035555	3.187292681	4.989443322	4.772234065	5.367018037	7.121444415	4.695965983
56999	6.657512821	7.600208044	8.374673062	7.917637022	7.441002014	7.316335844	7.671958512	5.171599159	11.16481456	8.838790135	8.195866269	8.108707918	7.924351718	7.737130368
92949	5.319993587	7.108848504	6.85972734	6.624125758	6.316931334	6.417344529	6.661699727	2.863185199	7.194874038	8.427924157	6.884517335	5.723471189	6.942997669	7.346924987
9719	8.468727074	6.996606807	8.238391841	9.293233441	8.053550705	9.454085393	7.090528491	5.311172484	4.410924469	7.79220464	7.432802439	6.817793352	7.276882784	9.635783045
57188	5.230118454	8.538591317	4.721662482	6.471057365	6.893268763	6.513108545	5.797134927	7.439574105	9.263463112	8.883941502	6.441128207	6.074732338	7.476720286	8.041976674
54507	5.729104068	8.192109322	6.988910729	7.364918182	7.533371007	7.035892191	7.141384763	7.97454652	8.095677622	8.248095027	7.775984197	7.13166356	7.516974838	6.777510456
339366	3.316305067	5.544639935	6.31968657	6.971940097	5.232495758	5.177750398	5.879330832	6.456479272	1.88869455	4.404651119	6.981630068	6.046955906	8.366511501	6.436181832
11033	9.570753027	6.069317643	9.686216337	6.696064777	8.08026752	7.32965464	7.962898318	8.330607696	4.868187938	5.830929655	7.118880873	6.167506461	8.509985555	5.834086701
55803	7.036514323	7.686519436	8.058745084	7.758599666	7.940641892	8.3692357	9.26563122	7.188583901	5.949948073	8.241802057	6.904469647	7.007468	7.392675476	8.174119745
104	9.199559477	8.060184684	8.225339527	9.619641715	9.568522208	9.699781165	8.290679662	7.928831012	9.490046393	9.464849573	8.747503882	9.127246092	9.007658325	10.0148836
105	0	1.894875955	2.468087998	0.869871406	0.511468039	1.975630186	0	2.963326148	5.312632503	3.652933862	2.400018685	1.440208075	2.084064265	1.0590091
103	13.92685786	12.71794834	12.86420983	13.04937385	13.20172965	13.06507922	13.20037342	13.49366444	12.78754849	14.30165349	13.69905523	12.97796667	13.05866915	13.21804358
23536	8.823979857	8.262774209	7.729567045	7.286797998	7.3870092	6.956349438	6.945436813	7.765051999	8.845680411	8.049837661	7.898436326	7.425702665	8.136697931	8.230719391
134637	6.230771739	5.951930431	7.37507854	6.800479322	6.953948471	6.558708458	6.684741609	7.146598204	7.522805127	6.459544735	5.709756569	5.970165726	5.64271601	5.360641691
113179	5.880261861	7.080147045	6.766695861	6.587354489	4.729656088	6.084744621	6.351992208	6.06392568	5.580510334	4.105208723	5.904623784	6.37943902	6.231906598	5.572547139
100	6.802652066	7.264915445	8.083066006	6.837485391	6.819092063	7.098982685	7.474550422	7.57632259	4.214863065	6.813626013	7.413438378	6.334194611	6.552759767	6.801064215
57143	7.240993534	7.727812929	7.908976186	7.298220236	7.601336243	7.337420312	7.582774257	8.474121657	7.598532698	7.372870283	7.097095607	7.702846594	6.93027844	7.84530688
90956	10.53567546	10.53567867	9.84455576	9.422373672	9.674492784	10.20965404	9.730318642	9.566667148	9.404517437	9.853298794	10.12190476	10.14409367	10.21204873	10.32378347
79934	9.94851748	9.66878183	9.730630956	9.214036626	9.436534369	9.429749851	9.488234611	9.772200738	9.308234806	8.919860558	9.361612661	9.774457804	9.169738892	8.803040681
203054	7.944841466	8.858898867	9.477141802	7.927477542	8.001797177	7.700914758	7.40687846	7.956433661	6.495042733	6.834685937	6.615878248	7.791995048	8.434141966	6.900360871
55811	1.770871322	3.634500338	2.468087998	2.239886801	0.888382834	1.119820952	0	3.380480113	2.202887833	3.449521758	3.485632912	3.38196164	2.084064265	0.784336461
107	14.68316375	6.727216629	9.578132254	9.11309437	6.813645251	7.332178013	7.00157033	6.490443376	6.696471015	8.704516848	11.37970066	11.1108503	11.73748148	7.264607738
108	0.427284346	2.686545348	2.209921191	5.959605571	9.85702147	7.953946144	9.885056169	2.048968509	6.302624303	7.289904533	6.46281961	8.10646715	10.34577447	6.568331621
109	10.7395198	9.492048047	10.09161522	9.716586451	10.09211043	9.799445474	9.842530905	8.187724701	9.715328163	9.674908317	10.15132547	9.603808803	8.884753891	9.433303551
196883	6.872213144	7.486696677	7.406256036	8.060870449	7.17821467	7.668003501	7.551778232	6.302481738	5.907268051	8.085416689	7.21042783	7.073197915	6.908827315	6.21556212
111	3.503323291	8.816026521	6.837026133	7.204205289	4.883161348	6.475561594	8.639224927	6.447861823	6.690190784	9.027126122	9.520021837	8.823258317	7.091291506	6.236442869
112	11.89302696	10.68990819	10.89687101	10.82791022	11.28386414	10.69227976	10.95825552	11.42381917	10.81113198	11.18119283	10.61206678	10.11150256	11.25926336	10.82953612
113	8.354874818	9.276957903	8.75066378	9.176361423	9.776012994	9.361917024	9.312614807	7.157209481	9.059323909	8.696485968	8.598693473	8.204008139	8.694476641	10.67908366
114	0	0.626485863	0.931002202	0	0	0.665938454	0	0	0	0	0	0	0	0
115	8.869340906	8.632512886	8.723072143	9.118473938	9.417807588	10.13259239	8.790276157	8.797783745	9.089463458	9.978269576	10.59988189	10.74258658	11.39948462	9.625265557
117	0	1.061776198	0	3.873153699	0	1.742609903	0	0	0.536550296	2.727702673	2.569539699	1.440208075	0.782408565	1.663071313
116	5.344679392	2.686545348	1.895263839	2.239886801	4.531549895	3.007051943	4.471831261	1.032806145	2.869279207	0.732573121	6.076274752	5.468218362	5.465987521	3.474085548
113451	8.69674224	7.280137887	8.82176091	8.45200726	9.425863135	9.101890341	8.33868469	4.945406378	7.140634502	7.440374207	7.765113015	7.693919701	7.763957263	8.717746671
118	11.96829581	12.11274899	11.75720751	12.49965552	12.30472147	12.45650645	12.2080015	12.02508453	12.52105758	12.7354068	12.57145071	12.30272651	12.31824088	12.71700907
119	3.158207748	6.881559399	4.187902321	4.353718496	3.183502394	4.504880944	5.492167249	1.032806145	7.074664914	5.726272664	4.823438577	4.146304932	4.301602278	4.078157214
120	8.887303488	9.311938997	9.730630956	10.86326652	11.01833338	9.995066546	9.528593392	7.047409696	11.17412649	10.06770661	11.43664711	9.84402921	9.496748342	11.19196182
124	1.445355919	0.626485863	3.954745361	1.164271398	1.829118896	0	1.784503983	0	1.701549057	3.312127838	1.211822119	3.601518248	1.659924558	0
125	7.701410436	7.956620676	10.10067311	7.267557333	6.983357339	6.325359429	8.059012887	0	7.729859304	10.18878243	6.709580138	10.22997046	7.829356783	1.818891453
126	0.756425557	2.419592823	3.775335048	4.80182086	2.138912742	2.650626715	6.048752774	1.36120689	4.067595697	2.406182892	4.178897854	5.336751117	1.815575429	1.959473426
127	0	0	3.331447262	1.617627613	0	0	1.3950628	0.606915942	0	0.994579724	0	0.514400039	0.443606651	0
128	10.0344727	10.40523115	10.58402125	10.94122826	10.95015256	11.02717092	10.98053941	10.81893306	11.55463461	10.94620836	11.13609985	11.17320147	10.94519485	10.87435735
130	0	0	0	0	0	0	1.3950628	2.048968509	0.536550296	0	0.990737079	1.836085712	1.286881148	0
131	0	0	0	0	0	0	0	0	0	0	0	0	0	0
137872	3.852168673	4.731042007	6.217930564	6.54323448	5.960618277	6.427212261	7.230205896	6.934739399	5.75913186	5.770659929	6.011518002	6.163631564	7.983007831	5.081718831
55256	9.117788532	11.25577405	9.61362668	10.08126172	9.615453634	9.913175303	11.24993877	9.924383936	10.46257251	9.216333843	9.940539125	10.23408177	9.610079541	10.60374057
149685	0	0	0	0	0	0	0	0	0	0.412293771	0	1.192320435	0	0
9370	5.203377371	6.907930164	10.8251469	5.126246041	6.746621805	4.775935488	5.235527948	0	7.326226327	10.64404192	3.205877292	10.24837947	8.347502671	1.289598422
51094	11.63846311	12.03692784	11.61766604	11.55698414	10.92353295	11.49420923	12.03107709	12.00704928	10.68731733	11.85174112	12.19215979	11.58627484	11.43199249	11.85173046
79602	12.42015251	11.08536125	13.43754165	10.49389807	11.20907741	10.24215957	10.84583955	12.63215011	11.19645441	14.13397208	11.85275304	11.00596161	11.05179433	11.48246952
132	8.079608514	8.077712995	8.559364088	8.205384204	8.644393133	8.322416725	8.575929081	9.037770959	8.591440065	9.041689538	8.121101939	8.540809597	8.946862131	8.601833174
79924	7.499143498	7.197033825	7.930581826	8.561912246	6.877691497	8.419534678	7.539190612	11.33635481	7.660880141	7.528318137	8.090076418	8.243290632	7.792349123	6.4951307
133	5.601782672	9.014135714	6.766695861	6.654068863	6.646002765	5.840795544	7.124631077	5.946485244	6.191408677	6.851315543	5.616066517	6.222754338	5.632282759	5.667866586
22850	9.721748768	8.342276498	9.27452655	9.494484415	9.46461089	9.365770387	9.416061956	9.434418897	9.739273806	9.239417137	9.900863639	9.553750425	9.063085745	9.73694339
23394	11.74312728	11.84021895	11.52572443	11.28602026	11.28090645	11.64504705	11.08436601	11.53733213	12.32041667	12.03985904	12.10722502	11.93017238	11.69863227	11.60812533
134	11.04253354	5.733416711	10.7336277	7.154794823	6.963818573	8.13644263	6.661699727	7.944231229	8.309484539	7.415429115	11.14472298	9.12281842	9.789221924	6.94755746
135	7.936604374	9.308181781	6.947122589	7.375704135	6.362261219	8.649778184	9.219040221	12.22707935	5.806352416	10.3910515	8.313951877	9.983644351	6.502090281	7.515864596
136	1.909696312	5.510629682	4.77040093	5.19303444	4.797454022	3.292619805	4.417845765	4.309503639	7.732917669	5.90416614	5.111298453	4.643313634	5.430298656	4.986319911
140	7.032722409	5.989456947	7.01947731	6.923591336	8.138789388	8.695403701	9.377691421	7.086796502	5.840780441	6.859559633	6.551536012	7.313616819	7.692943928	7.770920863
84890	9.172239721	8.879033634	10.45112053	9.347384406	9.141672396	9.455291255	9.488234611	9.642263297	9.60216715	9.97732286	9.334659889	9.617296646	9.102357626	9.610677918
83440	9.957047032	9.77093556	9.984229885	10.01955112	9.438641547	10.33333719	10.22141868	9.8526829	9.540665679	9.871658711	9.756287272	9.580781461	9.419147828	9.769299501
113622	7.194224978	8.060184684	5.476307153	7.975698963	6.229637909	7.509839914	7.13303224	5.40319954	6.959275187	6.409889853	7.531047652	7.282196061	7.380259312	6.627495947
54936	9.746851023	9.596648773	9.64826877	9.834272251	9.753430212	9.84211459	10.05162999	9.592308462	9.244301035	8.881919687	9.445716359	10.02516822	9.974084711	9.227447238
141	9.06306201	7.686519436	7.925210822	7.956603253	7.543278566	8.130415088	8.045725266	6.805791585	8.309484539	8.062390508	7.868276233	7.559497931	7.602304691	8.079057512
148	0.756425557	0	1.895263839	0.869871406	0.511468039	0	0.859969548	2.374093548	2.054327554	1.577682599	0.990737079	0.892818428	1.956056652	0.444879056
147	3.707425398	3.569916352	6.145873062	3.555460345	6.136718435	5.268367018	2.745237332	4.553944099	2.337568385	3.831167877	2.858498283	5.381916662	5.77189878	2.509695842
146	2.260387037	1.894875955	2.468087998	2.576473765	2.393773123	2.176195095	3.059182199	6.579923816	3.187292681	4.513136977	1.572647178	1.440208075	1.485426827	1.663071313
150	8.040483711	7.114521115	8.707512367	9.468600829	10.40638594	9.588766534	8.924582723	8.503526437	4.470771113	9.556437654	8.805954055	9.723462144	8.838714197	11.44165465
151	1.617298483	4.844611621	2.468087998	2.239886801	3.114300386	5.749365318	2.745237332	2.512757842	3.037030731	4.492083909	4.463445902	5.425714413	4.010797738	2.598389028
152	5.921864734	7.640081494	6.414735967	4.843998914	7.509985555	5.353623233	5.034955189	8.948953536	7.293456934	6.409889853	6.920236125	7.585473365	4.163514834	3.76980347
153	1.024319679	3.278044239	2.468087998	5.81866142	1.186880831	2.352250046	2.745237332	0	2.337568385	2.313216823	1.572647178	1.440208075	1.956056652	2.681966429
154	3.919435433	4.158417821	4.817546516	5.552275617	5.629665528	5.668479413	6.151566612	2.512757842	6.127771518	5.004389028	4.966965657	6.239210895	4.629951063	5.458683847
155	1.25011268	0.626485863	1.895263839	0.869871406	0	0	0	0	0	0.994579724	0.410449655	1.836085712	0.443606651	0.444879056
156	12.82449253	11.37900817	11.48020841	11.60893206	10.82646396	11.27302423	11.44769077	10.60935652	11.00733491	11.17831235	10.83324361	10.83480893	10.86809616	10.58791719
157	7.725103771	8.467235455	8.097463844	9.403107277	8.608667701	9.611663353	9.162711305	6.253872061	9.267687007	8.558985053	9.683102168	9.513727004	8.922450012	9.80375868
11047	12.14303994	12.43010558	12.02821136	11.0625684	10.55456842	10.65340062	10.77714943	11.26578913	10.42003715	10.24216934	9.951129508	10.56385701	10.88384904	10.00832189
158	9.394644253	9.323005206	9.231656324	9.593610919	9.969677334	9.75665022	10.01346198	10.67774545	10.22584741	8.967356254	9.660987249	9.67740676	9.364324229	9.6080097
122622	6.445672085	8.262774209	6.28655961	7.086167016	6.872461884	7.01641386	7.427514828	7.540293905	6.799253124	6.27464372	6.789005375	7.149186188	7.712885308	6.805729687
159	10.44762424	11.31085336	9.860120442	10.96232322	10.83320976	10.29969135	10.43127622	10.82310408	10.60374697	10.70506937	11.00201048	10.92116985	11.15948217	10.67685747
165	12.66978986	14.41931436	13.92129666	14.62593684	15.33434981	14.73149029	14.53910009	10.44153784	12.45799854	14.26839759	13.69751936	13.34596846	14.83850142	16.06428228
121536	8.868277468	8.920099431	8.527817114	8.56033207	8.882838045	8.585140572	8.727862269	8.675779948	10.03585316	9.357623918	9.357275975	9.125033954	9.075654027	9.076387267
64782	9.394644253	8.378086729	9.878301101	9.605152976	8.602363341	8.322416725	9.354528636	10.02847246	9.575156305	9.007785849	8.867220351	9.702844863	9.200079334	8.749569463
166	12.75260427	13.33902403	13.3456665	13.5940814	12.34598908	13.41428489	13.27782864	13.19732981	12.92827232	12.07025387	13.01077397	13.66751263	12.93373458	12.54276107
134265	7.408395982	7.508402505	8.158247139	7.414742731	7.58224211	7.933321821	7.728491295	6.06392568	6.733588895	8.59399086	7.797483853	7.601473678	7.690431763	7.705029612
84632	8.027202719	7.516993742	9.301724127	10.06742105	9.77671299	9.479203273	8.335048177	4.993570209	8.047359524	11.17418742	9.820708704	8.889917624	7.79000436	9.953674984
60312	9.520455055	9.539784037	10.83732982	10.56809017	10.63316144	10.12350985	9.4551145	8.660924696	12.07195995	11.17169235	10.79527335	10.25798118	10.69999384	11.06880615
246182	1.445355919	2.09173368	0.931002202	1.408657521	1.434081067	0.665938454	1.3950628	0.606915942	1.701549057	1.866551957	0.990737079	2.279649579	2.970872056	0.444879056
4299	10.53332876	10.20178883	9.934184008	10.955426	10.64743927	10.36274975	10.31517629	6.130059802	10.85179182	11.04619513	11.34708499	11.08234447	10.85469583	11.15747762
2334	3.0422591	3.812559834	2.877017812	5.126246041	4.301836366	5.081058356	3.535418472	0	8.909244475	5.19885164	5.362753911	5.663765866	4.565609361	5.458683847
3899	12.22571648	4.020208814	11.43746018	11.18811281	10.93768682	10.61128223	9.856169338	11.00556582	8.317655907	12.57828558	11.97277471	10.70086544	12.12317879	12.02325591
27125	11.92930476	10.61835109	11.03418097	11.21422488	11.33656592	10.89786398	9.981253308	10.4652163	12.31914538	12.34647165	12.01892152	11.3244996	11.83666447	11.96892255
172	8.747372629	8.720691963	9.41527065	7.973325991	7.264592727	7.876835532	7.539190612	8.437591047	7.664088122	7.640206608	6.500013262	7.425702665	7.017045561	6.689385831
10939	10.91573988	10.15596624	10.15644984	10.05381133	10.66814945	10.16144672	10.61301488	10.75820489	10.67401656	9.943279048	10.59873115	10.41633531	10.47712662	10.46251086
125061	9.222214811	10.63027905	9.082817264	10.18489022	9.627921956	9.444400379	9.047444051	9.783374964	9.79958972	9.183876265	9.018609418	8.591359274	8.629079348	9.11260501
173	0	0	0	0	0	0	0	0	0	0	0	0	0	0
174	1.024319679	0	0	2.107654396	4.137151004	5.85548646	6.707421256	1.36120689	0	6.752966638	1.211822119	1.192320435	0	3.56493904
54812	10.42212029	10.55770627	10.44644131	10.37082666	10.41809927	10.64285344	10.54974858	10.90093313	10.15293822	11.25550144	11.20991017	10.85763824	11.10628942	10.78682111
387763	6.61756003	7.636143884	8.220962543	8.141292279	6.483986634	8.703546488	7.588894493	5.736098815	5.101696294	8.125276556	6.229657134	5.495874209	6.787133352	6.483532046
119385	5.596449194	5.183696909	5.151091654	5.001360901	6.076678802	4.950300432	6.083845207	5.330052795	5.280384763	4.449251013	5.38564846	4.514033865	5.13840083	4.919025382
116987	9.0042421	9.874996404	7.766076981	8.732992266	9.252514533	8.571858045	9.31815141	9.419069855	8.818586012	9.233879195	9.157274167	8.539149116	10.2085414	8.43421454
116986	5.601577673	7.562026385	7.840380144	7.108095766	6.700911291	7.232831491	7.685958364	4.48688167	4.603145614	5.832436886	6.039792022	6.726310816	6.94244882	6.312229511
116988	11.13453895	11.22201642	11.33890454	10.80273526	10.58486256	10.79778026	10.8805559	9.933672068	10.9444128	10.21270952	10.05965257	10.12761394	10.58670414	9.968832506
119016	8.046137961	7.563354169	10.28912749	7.804711855	8.26189464	8.311802798	8.34231206	8.42666815	7.631682729	7.481014715	6.229657134	7.359501843	6.860481157	6.158353186
729092	5.752165188	5.344867546	6.431350507	5.870594053	5.205134419	5.727969451	4.883860268	6.45999711	6.267874709	5.033828221	4.619148864	5.176115291	5.247152806	4.901349638
414189	7.194224978	6.820401095	8.14906066	7.354013947	7.33852336	7.591088444	7.124631077	7.849264343	6.592551221	6.752966638	5.3742466	6.24736931	5.743097524	5.446785562
653268	3.707425398	2.09173368	9.366565922	5.526607217	3.540808435	3.85715494	3.633419585	4.734850496	3.76701911	2.865067591	2.101246657	3.192146811	2.757044588	1.289598422
728404	5.282161767	5.384844176	6.947122589	3.336597604	4.531549895	4.305321235	3.430285273	6.412866188	6.217845282	5.346917897	4.701011134	4.806808656	5.15219559	2.681966429
175	9.989691808	8.786128456	8.382532815	8.979941015	8.700070674	9.523571953	8.979189372	9.682304136	9.026050028	9.098516147	9.552629524	9.596690139	9.717622278	9.817682249
123624	0.427284346	0	0	0	0	0	0	0	0	0	0	0	0.443606651	0
79841	5.560234995	5.733416711	4.449706627	5.78658068	3.48707468	5.130214285	4.417845765	3.867728469	3.323370069	4.912295374	4.526600958	3.699918034	5.092558426	4.279382146
340351	2.542307584	5.594199179	1.895263839	3.450181897	3.041593449	1.975630186	3.193771743	1.36120689	2.574222636	2.213844945	2.101246657	0.892818428	0.782408565	1.959473426
84871	3.365384595	0.626485863	0	4.353718496	4.392317423	4.305321235	3.316869805	0.606915942	3.668232611	1.72935699	3.683359599	4.146304932	3.157059884	2.509695842
60509	10.18516943	10.0488187	9.548779918	9.100210013	8.888108506	9.271845361	9.35460048	9.333988071	10.16432747	8.82838088	9.325831386	9.725675556	9.506806809	9.158021888
177	6.775676118	6.792364742	6.957683647	5.839659834	5.847889201	6.346313382	5.797134927	6.233960898	4.785529628	4.492083909	4.701011134	3.792032803	3.372966023	3.474085548
3267	9.742794296	10.0089381	10.04357021	10.34030356	10.26835532	10.12806201	10.20394026	10.32519728	10.62818095	10.76909995	10.41195061	10.02753878	10.56389704	10.68225813
3268	8.327274183	9.112372258	8.509988325	8.320018417	8.570420806	8.484770944	9.031804293	7.642014135	8.102787762	8.516607347	8.458620284	8.458867956	8.747401835	7.501560161
55109	10.2063508	9.018680348	9.477141802	9.665198393	9.688696689	9.716978038	9.716409311	9.846205105	9.819147482	10.04935672	9.943917225	9.668320557	9.907506014	10.11741194
55750	9.838769812	9.921039201	9.356624511	8.852734546	8.960063636	8.653985774	8.847551318	8.435413157	9.649062308	9.148991285	9.021352853	9.191023918	9.036627509	8.928107937
178	11.04982296	9.024717768	11.95696223	9.090278916	11.02247109	12.05255345	8.316726831	9.074622905	10.2398899	11.61846089	10.9602042	10.79674934	9.55866465	10.83439536
79814	7.507365731	5.860371897	5.948213024	3.952408122	5.387193637	4.977417316	5.383697381	9.304411105	5.101696294	4.533887233	5.267363503	5.575796375	4.879720468	3.56493904
10554	11.39616447	11.07619404	10.91812329	10.91530861	10.72817018	11.12077053	10.81946406	10.76639374	10.6437708	10.88902484	11.19340092	10.77244721	10.95504466	10.97205789
10555	8.88204384	10.92997795	10.93210828	9.564739216	9.634115848	9.901719647	9.834440078	10.5537177	8.888822991	10.11452411	9.318391867	9.881860206	10.10151745	9.445640223
56894	12.29087148	10.75717696	10.93611936	11.16047673	10.70115898	11.30749074	10.56068869	10.78982012	10.77672138	11.36450645	11.27764338	10.70160788	10.75152498	11.48737776
56895	5.404600032	6.834216936	7.398524813	7.719486024	7.820858018	7.814292776	8.106712633	5.845123685	8.515329262	7.618512513	7.022372252	6.40883242	7.13997489	8.363204813
55326	9.151405012	8.557454894	7.679403388	9.504380652	9.031019354	9.865890211	9.121085876	8.894500699	9.6425718	9.741215336	9.500490771	10.081014	8.475585507	9.392363794
137964	13.1176476	11.15754027	10.52132728	10.9866485	10.61766287	11.04049111	10.83493784	12.38358907	10.74639675	10.99449678	11.07138486	9.777981987	11.57129303	11.21953599
84803	4.438259579	5.13986646	4.950393758	5.332883338	4.883161348	6.097159884	4.574095451	5.489706694	4.962715585	6.694261762	6.040657952	5.825085985	5.15219559	5.385783039
123688	4.160944383	5.846806693	5.948213024	5.959605571	5.248735955	4.977417316	5.918736847	5.921802861	6.173511248	5.132367086	5.362753911	6.520761666	5.40600597	5.583452893
8540	10.98873751	10.25604318	9.799766001	8.7880416	8.953886796	8.547184513	9.089059265	9.750465149	9.702303786	10.05340476	8.850861292	8.481524184	8.40532615	9.989993736
10551	10.44619925	14.82500477	12.90502672	13.7180128	12.53245438	15.378096	12.18444975	15.85796077	5.75913186	13.15772191	11.96958201	14.5340765	11.95048285	11.0033127
155465	12.05006909	12.43195241	11.49659711	10.15483747	10.25485277	11.49977246	9.127406809	12.16605802	1.233581332	12.62580268	10.74830013	12.80627223	10.25007596	9.798502421
375790	12.93306716	11.4466198	13.18711635	13.66021579	13.31455613	13.33116003	12.44659021	11.84871624	13.42769356	12.28391518	12.96578659	13.14243088	13.69635172	12.03757928
181	0.427284346	1.061776198	0	1.164271398	0.511468039	0.665938454	0	0.606915942	0	0	0.410449655	0	0	0
23287	7.360788278	8.267873773	8.607105754	7.516045886	8.337859136	7.729108827	7.648709898	7.30290208	8.383360424	7.941400972	7.438287029	7.965221524	7.702949072	8.088658934
185	11.4803801	4.067759166	4.114292056	9.322428894	6.127967504	6.227107602	7.090528491	2.512757842	3.718471228	9.280672654	6.947418362	5.601482592	5.15219559	7.068942687
186	0	0	0	0	0.511468039	0	0	0	2.955591792	0.412293771	1.572647178	3.651556905	0.443606651	0
57085	9.961043454	9.454053716	11.03105907	10.83250018	10.0922792	10.86466315	10.76030105	9.602050388	8.70325508	9.426522026	9.958305769	10.59655672	10.68462275	9.103161895
183	8.589818156	5.267550779	3.676493094	5.870594053	4.729656088	8.303790792	6.762607935	5.587097912	3.718471228	6.398620577	10.37845982	6.761940774	6.305985108	6.606260103
64850	0	0	0	2.107654396	1.434081067	1.119820952	0	5.171599159	0	0	2.983805361	1.192320435	0.782408565	0
85007	8.614132282	8.91885191	9.294847703	8.869728005	8.305450751	9.190752872	8.754269549	8.278901478	7.832481826	8.489216166	7.583029347	8.224609987	8.474125714	8.066129026
64902	0	1.061776198	1.895263839	0	0	0.665938454	0	0	0.536550296	4.212079019	0	0	0	0.784336461
189	0	0.626485863	0	0	0	0	0	0	2.202887833	0	0	1.192320435	1.485426827	0
25909	10.7738256	10.18031411	10.52043698	10.33245508	10.138762	10.14011144	9.663746478	11.02307574	10.39804889	10.69847844	11.31110123	10.94550595	10.14207041	10.16402495
10768	12.07240822	10.87673349	10.72283306	11.91852298	11.83483243	11.93471194	11.84800145	12.0097964	11.35025048	11.30331071	12.64741541	11.86007865	12.18961663	12.28742124
23382	9.777201717	9.667817633	9.559185483	8.879595808	8.925128318	8.598301553	8.327747535	9.033457692	9.909095782	10.25433409	9.648618951	9.436444629	8.81122857	9.819413365
191	12.37546607	12.36005627	11.99591159	11.94540887	12.17159603	11.82165936	12.41140977	12.76946008	12.35345582	11.71702454	12.16760274	13.23636741	11.698476	12.39494106
27245	11.12209974	9.422390703	10.3047231	10.2709824	9.746299832	9.752731701	9.18913788	7.188583901	11.74199758	9.145624474	10.12105232	9.586275357	10.24409275	9.972985959
54806	8.190993557	8.46945053	8.698095516	8.557166133	8.303294898	7.821793112	8.000527952	8.242117525	7.824647581	8.607514153	7.773816372	7.865391189	7.578047317	7.931066637
113146	8.69314297	8.170488945	8.374673062	9.736902813	10.24122253	10.48470359	9.465130674	9.494232182	7.574865958	10.123109	10.02771666	9.222403209	9.864138622	11.59369957
79026	15.83918729	14.57102798	14.16826403	14.72116728	15.56571422	15.23016912	14.24440085	13.72021966	15.39943589	15.38680914	15.33286134	15.01882706	15.73192208	16.19550812
57491	3.503323291	3.012407769	5.989972314	6.706447668	4.819361629	5.617677564	6.590280141	3.867728469	5.806352416	4.708336244	4.152443048	5.792004161	5.250976728	6.448165875
196	9.65053194	11.29032677	9.851651297	10.17769323	10.46576178	10.49353576	10.09527767	8.050508772	11.10440107	11.12524239	11.14346428	10.65675368	9.984375875	10.84179555
10598	10.68328704	11.39715612	10.60348763	10.7764327	10.70115898	10.68201403	10.83879486	11.23418861	10.36442524	10.78973732	10.83869805	10.83209924	10.17658657	10.93549452
130872	9.607836278	9.405138059	10.69311962	9.428450207	8.316834968	9.915806047	8.275582129	8.601964991	8.38724793	8.126984726	7.097095607	7.22137058	8.068685319	7.148217255
197	0.756425557	0	0	0	0.511468039	0	0	0	0	0	0	0	0	0
51327	0	0	0	0.499476	0	0	0.859969548	0	0	0.412293771	0	0.514400039	0	0
57379	0	0	1.895263839	0.869871406	1.186880831	0	0	0	0.536550296	0	0	0	0	1.289598422
64853	9.580345824	9.917920408	10.08389878	10.05363718	9.53126526	10.33237922	10.10820387	10.09293535	9.028740142	9.989599855	10.61572949	10.27711964	9.388633637	10.29922004
83543	7.402530334	9.733798674	10.97887181	9.641479377	8.206858569	9.695704876	8.922160972	9.366313033	11.69689895	9.189609374	9.645065563	9.776573347	9.548990438	7.641212917
199	7.211102749	8.54910156	8.538409734	8.675758428	8.529471941	9.507383969	10.30777424	7.11428685	6.873189388	8.142268936	7.84161718	8.343732481	7.958161177	8.558267251
9131	10.83879659	9.698355322	10.06814612	9.770778346	9.760525358	9.525869793	10.28722039	10.49218418	9.184121573	9.623320577	9.895390484	10.37757528	10.60549396	10.30124902
84883	9.076018421	8.848724958	10.24454068	8.48403418	8.10574145	8.689266308	8.71112627	9.842922279	7.27259153	8.102882748	7.362418163	8.891219879	7.869885591	8.209754058
150209	7.230204935	8.615632212	6.208587489	5.126246041	4.653157493	4.983850954	4.876271361	7.779444905	3.931531784	2.653793793	5.846733996	5.887595942	3.372966023	4.138568757
51390	7.771355428	8.555370995	9.532941262	9.710073365	9.243427266	9.83749706	9.131605431	8.050508772	8.746267749	9.936992386	8.855993434	8.889917624	8.971902746	9.151604917
55057	5.913638625	6.990450056	5.288284727	4.570189667	4.101834939	3.203561393	7.706143719	6.531805628	1.486456956	2.653793793	3.485632912	4.933563197	2.310340121	3.101683689
202	9.815229891	10.79475814	11.38217964	10.74998831	10.28419646	10.68510145	11.02917305	6.302481738	10.98666428	11.63265983	10.04938436	11.60246523	10.62140695	11.04138756
9447	2.778040322	5.718594521	4.721662482	3.006028672	3.540808435	4.950300432	6.322912398	3.227771876	0.536550296	3.7972413	2.101246657	4.73899476	5.23727307	2.205236098
9255	9.946180505	9.797122927	10.13326335	9.89520839	9.97503083	10.01801987	10.21841175	10.43645566	9.827354773	10.24747945	10.15184309	9.891945732	10.01901187	9.823582354
7965	8.715671363	8.760851655	8.706354418	8.869906869	8.786554544	8.755891696	8.340390467	9.048484149	8.490082304	8.288786268	8.790951191	9.142330722	8.915722854	8.153755185
23746	0	0	0	0.499476	0	0	0	0	0.536550296	0	0	0	0	0
9049	11.25214295	10.39127979	9.774600452	9.634737553	9.700550344	9.965746053	9.993992577	9.446365214	9.523989017	9.655042289	9.32950351	9.664517684	9.405496348	9.282867879
326	1.25011268	0	0	0.499476	0	1.119820952	0	0	0	0	0	0	0	0
55966	1.909696312	2.55924706	1.492212122	4.864636839	3.48707468	2.779469857	3.633419585	3.867728469	4.105845667	4.132675541	3.952296287	3.38196164	3.035641503	4.848437663
203	9.207991897	9.960942853	10.09709495	9.106612403	9.217880413	9.275796504	9.681037897	10.66106619	7.910892127	9.030780782	8.665694059	8.193489878	9.954850465	8.975456224
204	11.29413261	10.19242623	11.28959617	11.03438666	10.96157898	11.0636085	11.2790926	10.93563359	10.60040181	10.45841123	11.18708207	11.39962838	11.35179289	10.77735256
205	4.63119161	8.189424304	5.905211283	7.616794357	7.288350256	5.749365318	8.645110789	4.969689276	9.591254914	7.642597611	8.06724665	8.030498306	7.780587009	6.810378834
50808	9.922109521	9.808313287	10.23371853	9.847938515	10.27530731	9.890172452	10.47901517	10.77826616	10.29834879	9.764449167	10.55892557	9.694663807	9.899371274	10.54392259
26289	2.625247107	3.86733311	6.20025127	6.450729584	7.072716801	7.787730209	7.141384763	0	4.66260999	7.561543044	9.10563932	7.19208367	5.030349322	8.681403934
122481	3.886198941	7.180904703	3.044901159	4.263364986	3.951224091	3.969463655	6.815759853	4.521459108	3.562181356	5.262403089	6.424641649	6.065533538	6.815077111	3.101683689
11216	8.890450341	8.278018676	7.864769916	7.920103303	9.098647993	7.894726228	8.477103341	9.030574724	8.786564345	8.9520187	8.231054097	7.852078138	9.208004826	8.932380128
11215	10.6508717	9.470734514	9.786497696	9.841446883	10.25334464	9.869513494	9.363481463	9.498411047	10.99941971	10.33488409	10.7201507	10.02516822	10.91511698	10.87046621
9590	8.690738342	8.406108468	8.833277212	9.603619484	9.889746699	10.09129772	8.997708466	6.940893789	8.446202045	10.28104769	9.56772302	9.763833306	9.717005294	11.12308358
11214	11.990828	11.00938	11.22385239	11.30430979	11.492567	11.53897929	11.08490742	10.42790887	11.88151413	12.13301788	11.83037327	11.61847594	11.4038999	12.11655486
158798	0	0	0.931002202	3.078473209	0	0.665938454	6.012785419	0	0	1.408222729	0.410449655	3.549681491	1.956056652	0
8165	11.03946572	12.38505759	9.187473324	10.82560979	10.85855974	11.62026061	10.04719168	10.07188304	11.19368219	10.66535848	11.00939945	10.71490703	10.48889896	10.62170886
11217	7.726395973	9.045904333	9.264246943	9.099796725	8.475164346	8.553527927	7.68561573	0	10.6178656	9.558762021	8.898626478	8.895911191	9.21903659	9.564116519
10566	4.461017711	3.502292408	4.257945954	3.74546324	4.840946569	2.509138416	4.715064187	3.45117154	5.211016088	4.404651119	4.936279871	4.567143832	4.691545331	4.866408535
8852	0	0.626485863	0	0	0	0	0.859969548	0	0	0	0	0	0	0
9495	6.237378245	7.339467014	5.533902803	8.078642922	6.583362627	6.145779337	7.819788871	4.843968774	7.557720243	7.401382158	7.478774472	5.999443102	5.80942988	7.114774079
