	TCGA-A7-A0CE-11A-21R-A089-07	TCGA-A7-A0CH-11A-32R-A089-07	TCGA-A7-A0D9-11A-53R-A089-07	TCGA-A7-A0DB-11A-33R-A089-07	TCGA-A7-A13E-11A-61R-A12P-07	TCGA-A7-A13F-11A-42R-A12P-07	TCGA-A7-A13G-11A-51R-A13Q-07	TCGA-AC-A23H-11A-12R-A157-07	TCGA-AC-A2FB-11A-13R-A17B-07	TCGA-AC-A2FF-11A-13R-A17B-07	TCGA-AC-A2FM-11B-32R-A19W-07	TCGA-BH-A0AU-11A-11R-A12P-07	TCGA-BH-A0AY-11A-23R-A089-07	TCGA-BH-A0AZ-11A-22R-A12P-07
100130426	0	0	0	0	0	0	0	0	0	0	0	0	0	0
100133144	2.415028482	2.380923346	2.019701914	2.097071371	1.629053477	1.39752918	2.867758117	2.776904093	3.604225551	3.38710056	0.493442391	4.304912546	3.224626867	3.710580543
100134869	2.298834243	1.671383963	0	0.883933562	2.095519396	2.498761466	2.506094112	3.241641914	2.28475101	2.845389686	1.152832405	3.552426259	3.264341256	3.732583974
10357	6.320553273	5.77183277	6.468850458	5.959225333	6.712775969	6.40122769	6.852127465	6.566611214	6.484250938	6.62491094	7.071540663	6.631853672	5.981852653	6.401178188
10431	9.935773093	9.924451636	9.591272869	9.445825591	9.835825725	9.354897953	9.308758125	9.283639621	9.408628865	9.521272999	9.855440051	8.868235173	9.40319741	8.939070802
136542	0	0	0	0	0	0	0	0	0	0	0	0	0	0
155060	7.781671827	7.099654992	6.794150698	6.743967288	6.094447222	7.593852711	7.589024126	6.759476782	6.735245959	7.465757391	7.976224424	8.925707231	7.22169248	8.798992082
26823	0.965248657	0	0	0	0	0.924556002	1.393251437	0.778713221	0	1.082566351	0	2.444905553	0	0.68670221
280660	0	0	0	0	0	0	0	0	0	0	0	0	0	0
317712	0	0	0	0	0	0	0	0	0	0	0	0	0	0
340602	1.538438835	0	0	1.022119204	0.982436918	0	0	0.44127099	0.37928825	0.355467388	1.152832405	0.854554259	0	0.383828687
388795	0.709202395	0	0	0	1.300826593	1.23087931	0.492314685	1.051998468	0	1.563695074	0.493442391	1.145481822	0	1.150039693
390284	2.877587213	3.573786528	2.342924474	3.741046251	2.142511466	2.199216892	3.191152018	3.027914841	2.746957642	3.047137003	3.257674467	2.444905553	3.621090679	2.311067102
391343	0	0	0	0	0.573277568	0.535057595	0.492314685	0	0	0.355467388	0	1.145481822	0	0.936892302
391714	0.397802962	0.460585313	0.593784005	0	0	0.535057595	0	0.778713221	0.37928825	0.355467388	0	0.854554259	0	0.936892302
404770	0	0	0	0	0	0	0	0	0	0	0	0	0	0
441362	0	0	0	0	0	0	0	0	0	0	0	0	0	0
442388	0	0	0	0	0	0	0	0	0	0	0	0	0	0
553137	3.305810051	1.861081942	0	0	0	0	0	1.653931334	0.37928825	0.878372225	0.860525852	0.854554259	0	1.33571191
57714	7.931769323	7.48908849	9.675428889	9.486824566	9.562751094	9.028815271	9.723226791	9.030805882	8.859075039	9.461912395	6.248701805	9.387488344	8.286808623	9.276277509
645851	2.99712979	3.479631542	2.480911346	3.795621507	2.555570778	3.252733545	3.630719978	2.824319805	2.611550123	3.821108116	1.152832405	4.350207265	2.99213394	4.100540401
652919	0	0	1.826111164	4.949390189	7.197647225	0	1.189666447	3.530957168	0	5.509372814	0	5.535629979	5.543468044	6.158068355
653553	7.421864542	8.321688678	6.691285692	7.088009053	8.006447268	7.681665007	6.593462836	7.047861162	7.956880831	7.107792469	8.640398237	6.44409222	6.422613138	6.287555406
728045	0	0	0	0	0	0	0	0	0	0	0	0	0	0
728603	0	0	0	0	0	1.23087931	1.150559677	0	1.767866632	0	0	0	2.015604611	0
728788	0	0	0	0.599793852	0.573277568	0.535057595	0.85861763	1.653931334	0.679333711	0	0	2.81991338	2.015604611	1.150039693
729884	3.351388048	6.086376168	4.310274674	3.563731677	1.973574542	1.698307394	0	2.670659081	2.381172605	7.001681788	3.770057288	2.081544154	4.870902239	5.159798696
8225	9.251651406	9.376059603	8.866926209	8.881476807	8.482419556	8.733987076	8.289628852	7.858899177	8.585224717	8.632919972	10.37290945	9.266813708	8.501058118	8.799978998
90288	5.829672002	5.442983294	5.501356339	3.361543798	6.114904187	3.8991853	5.476174277	3.461895211	4.763379703	4.645736239	5.312661544	5.110141877	5.161186314	5.109732469
1	7.280520248	6.785921901	4.069023274	4.327126846	5.410900732	6.098575361	4.208423616	5.306681482	6.258662132	6.468988896	8.476146728	6.764687179	6.35823976	6.781751811
29974	0.709202395	0	0	0	0	0	0	0	0	0.640528385	0	0	0	4.223337592
54715	0.709202395	2.251325232	0.593784005	0	0.573277568	0	0	1.809290956	0.37928825	0.355467388	1.94665601	0.489645688	1.204328555	1.150039693
87769	6.913858789	6.819794618	6.73476516	7.272088527	6.951232252	6.830210949	6.850654426	6.270663488	6.222228821	6.276993484	6.365409093	5.983793963	6.27296377	6.257925217
144568	4.155862546	4.36163503	4.57968703	3.432130956	2.29372361	3.443447522	1.393251437	5.128965589	3.599948537	4.195804274	1.785341299	0.854554259	4.805111849	4.269669049
2	15.2948794	14.99417353	15.44805021	15.35356234	15.62762314	14.90060066	15.34003802	15.20004943	15.40222788	15.17350159	14.4826368	14.50550156	15.13736917	15.0746686
53947	9.295313444	9.853494364	9.086852484	9.343082646	8.985701075	8.877256829	8.565276905	8.116811786	8.938142856	8.368377246	9.558923082	8.261575476	9.566798604	7.646340534
51146	1.538438835	0.460585313	4.346836364	2.033088169	1.561497221	0.535057595	2.341046409	1.051998468	1.4875378	0.355467388	1.785341299	1.93681694	0.52084965	1.904310675
404744	0	0.460585313	0	0	0	0	0.85861763	0	0	0	0	0	0	0
8086	9.609178738	9.673833581	9.220917575	9.124680959	9.261625541	9.395863551	9.036714316	8.888833947	9.188396968	9.45100912	9.830454519	9.746965198	9.064332663	9.47720678
729522	1.182565182	0	0	0	0.573277568	1.483415958	0.492314685	0	0	0.640528385	0.860525852	0	0.52084965	1.500241179
65985	10.146013	11.08926184	9.47531657	10.30659024	10.65859639	10.55321802	10.66426727	9.969931117	9.729493631	11.41296455	10.2298245	10.51507877	9.818859985	10.04930322
344752	1.182565182	2.731552559	3.110613806	4.434201193	1.973574542	0	1.393251437	1.949534933	3.488412176	0	0	0	1.851479213	1.904310675
126767	2.603928945	5.169075164	2.82984956	1.348459062	5.96521171	6.056561853	1.393251437	0	1.767866632	0	0.493442391	0	2.911058766	0
343066	0	1.324522612	0	0	0.573277568	1.23087931	0.85861763	0.778713221	0	0	0.493442391	0	0	0
13	4.370338677	6.685486082	9.27646084	8.541675514	5.550358937	7.70978689	8.764593638	7.785927131	6.482214223	0.878372225	4.079412247	2.081544154	4.892182136	5.184193
51166	5.900388647	7.976534338	6.320495509	5.83758	5.772645803	6.446497762	6.356270604	6.629953976	6.094930643	7.173501254	5.722315736	6.054440437	5.68467289	6.477185121
79719	10.50172664	10.07541256	9.397942614	9.659517887	9.88875938	9.521055646	9.467180422	9.988851666	9.99309633	10.32543162	10.26563415	9.865441455	10.04943433	10.11183976
22848	9.91883954	9.696245824	10.01273263	10.22070238	10.34838337	10.03053403	11.13406791	10.19226507	9.91885668	10.12484584	9.229065851	9.944480596	10.09774588	10.19559773
14	11.43660417	11.33821174	10.95026186	10.85810116	10.49800618	10.69361014	10.52109305	10.09035739	10.94630525	11.00174539	11.83813133	11.13656074	10.93993052	10.95181667
15	0.397802962	0.460585313	0	0	0	0	0	0.778713221	0	0	1.603691617	0.489645688	0	0.68670221
57505	8.924935098	8.453466959	7.823717521	7.980404666	7.692197016	8.437779532	7.497769623	7.876557464	8.319310838	8.777608753	8.98384212	9.257271385	8.586758364	9.176330503
80755	9.438164747	9.16824589	8.90573327	8.654857607	8.505844892	8.703232235	8.477470913	8.549043785	8.861875054	9.224442136	9.758236875	9.135116184	8.912498978	8.930083542
16	11.58128279	11.65056546	11.66598982	11.40340195	11.67266917	11.6910209	11.29495962	11.05226318	11.46388766	11.54915591	11.57707066	11.28201131	11.44228994	11.19741889
60496	9.358654717	9.373607541	9.229509095	9.411292555	9.53360559	9.494358604	9.857669258	9.815225728	9.458542366	9.782516029	8.907493696	9.727155011	9.650349373	9.838715772
132949	8.303418203	8.00638443	8.304570818	7.971543554	8.448568148	8.641306499	8.565276905	8.827660269	8.456540465	8.484363333	7.928720294	9.148532255	8.764583023	9.410277073
10157	9.213586415	8.445146069	9.37820879	9.571361679	8.844311578	9.023845818	11.2944925	9.85032141	8.939910614	8.976503407	8.075533701	9.481007043	9.117247767	9.839258439
26574	10.15447663	10.02474436	9.99556564	9.909630165	9.215009458	9.505096776	9.419997877	9.651575381	9.922884208	9.766867265	10.27421192	10.08797008	9.760756035	9.87200747
9625	6.535213157	5.48053334	4.956089187	5.116905333	5.250972939	5.778316354	4.300621625	4.557183368	5.527430088	5.479321115	7.285552954	6.06318365	5.357552005	6.056015529
18	10.26133006	9.277203696	7.817251025	8.052203935	8.926173813	8.095734579	8.918018238	8.840104404	9.362584732	9.970255906	9.199348193	9.805466106	9.627533884	9.954540655
10349	7.367432225	7.937224908	7.938986736	8.331517129	8.088902166	9.049747013	9.66443324	9.01791829	8.11294143	7.903098542	7.239184157	7.86383069	9.136322397	8.955993905
79963	7.250155326	6.556817168	6.495309817	6.311666586	6.727397723	6.914841938	7.3741379	7.403631589	7.031967458	7.30201922	6.71111491	7.591181969	7.417338621	7.116872073
26154	7.614125287	8.137416427	2.480911346	2.033088169	5.175073439	3.443447522	0	5.214870834	4.273635239	9.616281599	5.297782023	5.973253083	3.898498604	8.911026399
154664	3.258729962	2.132576843	3.416042527	2.033088169	4.09597504	2.773447828	0.492314685	5.664940721	1.4875378	5.665105636	2.987884735	5.159911691	5.432087516	4.904811618
650655	3.598258	2.957933166	2.480911346	2.033088169	2.555570778	3.252733545	2.908178828	3.149243104	2.680841924	2.451857294	4.044184258	3.841439807	2.296604239	3.055785664
19	9.4937602	10.7442278	11.72485419	12.84526977	12.03625375	10.78489891	12.81297662	10.90279399	10.67867874	10.39232182	8.619606687	9.809973708	10.35583944	10.81911442
20	10.18705744	10.62805387	10.6682405	9.937199303	10.94695064	10.67589962	10.80962232	9.994935207	10.41933558	10.62866471	10.81405968	10.69780657	9.912303609	10.58812226
21	10.54681789	10.91867231	9.868527196	9.648440995	9.9167016	10.32832476	10.17027687	9.650291205	9.813847393	10.83806375	10.05667754	10.47140006	9.949573013	9.921819817
24	7.272870486	5.352913858	3.110613806	4.686069055	6.746336954	5.869782592	4.90079437	7.671579279	6.491886759	5.851204337	5.123082611	5.28479542	6.227144193	7.685317873
23461	9.293854861	9.237302711	9.884158153	9.528705901	9.507732215	9.917852997	10.12423429	10.01802042	9.088825332	9.510258197	8.415903561	10.4820368	9.534176021	10.44908332
23460	8.394701052	9.037015626	10.2091977	10.35622504	9.973815876	10.13964958	10.91486809	9.913240389	10.04862637	8.22213413	7.919028363	8.332012373	9.457737712	9.498641412
10347	8.603390822	8.908538834	7.691412726	7.920276029	8.369899157	8.505299078	8.038343442	7.213534898	8.129455615	8.030371947	8.896423837	8.09460926	7.700137969	8.027914288
10351	9.596810876	10.94973101	12.5057282	12.22617319	12.10261201	11.53995857	12.84710089	11.46049056	10.94652509	9.90278902	9.213292596	9.158767959	10.77861286	9.927701382
10350	8.633687307	10.0273465	11.29678191	11.4284411	9.738656557	9.999860232	11.67588728	11.657119	10.57843827	8.8633308	8.103613034	8.484652942	10.12158985	9.838298039
23456	8.006693544	8.351897714	8.553611632	8.946227888	8.560934628	8.686033326	9.218080279	8.768520142	8.584094744	8.968477589	7.759836931	8.751351241	8.666108227	8.804903479
8647	1.371447346	1.703410828	4.310274674	4.996741242	1.973574542	2.675454648	6.544020095	1.949534933	2.106850796	0.355467388	0.493442391	1.594739622	0.902729639	0.68670221
5243	8.874225233	7.26400433	7.694962352	7.157373212	7.719705734	8.002818953	7.545720539	8.521212921	8.363458028	9.329065053	8.218686735	9.426982149	9.046649572	9.590485814
5244	4.51757806	4.58153805	6.025799562	3.898933872	3.825103798	4.658091491	4.52105702	5.200904489	4.943340007	4.342128018	4.147388113	2.900200238	5.246275061	3.908928165
340273	6.612137199	7.103605691	5.833095014	6.347176644	6.304943566	5.058771055	7.043820206	8.351427362	6.755461794	4.783859966	4.943527555	6.172293484	7.350266504	7.800256043
10058	8.791907166	9.714916387	9.484441481	9.731948757	9.288922581	9.019657997	9.052435458	8.295365796	8.554771096	9.044872206	8.9513704	8.813907181	8.819596021	8.50295151
22	9.022499869	9.028728264	9.247748589	9.089621026	8.850424402	8.945859027	9.713476391	9.411184915	8.994511276	8.945765115	8.768697118	9.24488159	9.047835266	9.137942516
11194	9.160151525	9.251616614	8.616724897	8.689493813	8.836633944	8.620059232	8.174535753	7.620029898	8.441646145	8.938387838	9.466305316	8.609305453	8.451748519	8.287777472
23457	6.71407101	6.783312587	5.623050375	5.256512531	6.429071922	7.134626538	5.502298773	6.324794405	6.874922348	7.416059422	7.464704203	7.035745962	7.031410636	6.820591284
89845	8.517263093	8.28388613	7.767550856	8.099063189	8.315701169	8.616762384	7.76656071	7.90054141	8.194574167	8.700376599	8.780787112	9.028637661	8.557089146	9.044431279
85320	8.781515778	11.48854433	2.190362011	0.599793852	7.877690271	2.773447828	4.176330752	8.888833947	7.244525579	11.51966239	7.495418556	8.057891028	4.805111849	9.416082018
94160	2.167390044	4.849629034	0	0	1.561497221	0.924556002	0	2.194748976	0.679333711	5.540715461	1.152832405	0	0	3.721624207
150000	0	1.703410828	0	0.599793852	0.573277568	1.23087931	0.85861763	1.479799661	0	0.355467388	0	0	0.52084965	0
4363	9.852517181	10.48166514	10.50647222	11.19494087	10.55151544	10.33536177	9.730151333	10.2010626	9.986697341	10.40102466	9.462974164	9.661725732	10.31962301	10.38672894
1244	3.351388048	6.156513924	5.564804938	5.901178252	4.358670539	4.999251408	5.825625376	4.370150328	5.247319935	5.93925009	2.746226761	4.433500317	3.671191452	5.243432979
8714	9.334858514	10.08043289	7.648125294	7.876643407	8.678983164	9.40926427	5.380829863	8.68945153	8.997909114	9.261042516	10.20411834	8.724039016	7.953943235	9.690733104
10257	7.119928825	7.651726227	6.839755561	7.847880434	7.416067869	7.045684317	6.994061474	7.435531922	7.538537388	8.886516311	6.041001987	6.643854747	6.486966919	7.26976815
10057	9.532711441	9.387447201	9.212274827	10.18537363	9.25588024	9.751208116	9.359656671	9.76627248	9.037246579	10.00911521	8.641871841	10.16158289	9.613188876	10.28712941
653190	2.877587213	4.307851071	3.779165149	4.973262268	5.135571807	5.88082019	5.278739362	1.051998468	3.703466201	2.211884402	2.655763968	3.305941346	5.107616737	2.017244929
730013	4.576346779	5.96132235	6.16538741	3.684336263	6.05264195	6.094979187	5.394843362	3.678962044	4.810515083	3.670942282	4.88499346	3.757716683	5.310910832	3.581724829
368	7.155701679	9.080762909	9.462879103	7.712615726	9.771241846	9.128249574	9.894504034	6.458590348	7.633347651	7.233669523	7.025496177	6.952341721	8.649021878	6.380215147
6833	8.268198566	6.117969262	2.606821212	1.838871111	6.601637096	5.308047731	2.341046409	4.394898224	5.115886385	8.785067262	8.261496966	6.596446212	3.980262987	8.682879444
10060	8.072823967	8.998280704	11.81328406	11.70303393	11.00187309	9.903043695	12.32208611	10.27082967	9.758329997	7.68730989	6.566830372	8.40606041	9.840914792	8.448718869
215	7.935515734	9.354669455	9.146396331	9.665024425	8.53649901	8.610146368	9.335340328	7.349520976	7.762819847	7.835870402	8.403793893	7.536558843	7.938684525	7.670285172
225	4.773426728	7.838741926	10.29823055	9.272689964	10.27586121	9.479007993	11.69264544	6.959372571	7.561682794	4.855237267	4.693637492	5.795740977	8.01098399	4.246689302
5825	11.55397207	10.26196831	10.16509379	9.876785969	10.49703238	10.13792574	10.389942	10.4666679	10.41616427	10.92958131	10.44769841	10.48935497	10.87260794	10.91607777
5826	9.627823306	9.570575637	9.371570406	9.661355736	9.471504926	9.56533689	9.621133548	9.118860892	9.675347021	9.294812789	9.848436567	9.562677076	9.367557157	9.410277073
6059	10.30180459	10.03822449	10.18416076	10.25701109	10.39878516	10.35082263	10.42151345	10.92794274	10.43634072	10.87567065	9.950673699	10.637237	10.42918389	10.47155624
23	10.65757365	10.71326286	10.60361689	10.39429698	10.30118659	10.33335474	10.14718063	10.02893196	10.45067021	10.73893035	10.74648552	10.52816554	10.40860668	10.26942431
10061	10.46881798	10.23250319	10.10633235	10.05582755	10.25008318	10.02681292	9.649900485	10.13189618	10.1467872	10.53965048	10.39230164	10.09171451	10.00128574	9.815053888
55324	10.12647915	10.10724533	9.882602549	9.465945088	9.621121457	9.756460418	9.295747816	9.138228788	9.702674337	9.818680431	10.32003851	9.874164357	9.774428976	9.87200747
9619	8.990441546	9.504129348	8.142455305	9.890953687	9.460556851	9.102553946	9.058885213	9.28694905	9.370470768	9.372288955	8.937804578	8.583702974	9.141884891	9.674142824
9429	7.846783506	7.495116306	7.200950575	7.651051691	7.159653403	7.493173359	7.779969466	8.462424154	8.001574834	8.104019463	6.367477656	7.558372495	7.802024505	7.347428258
64137	2.603928945	2.003206431	1.826111164	1.838871111	2.43057967	2.456884983	2.220329955	1.809290956	2.295399778	2.29639867	2.45578092	0	1.204328555	2.219617719
64240	1.182565182	1.526369342	1.013140632	0.599793852	1.782198856	2.050745464	3.191152018	2.404303691	1.767866632	0.878372225	1.785341299	0.854554259	2.015604611	0.68670221
64241	0	1.703410828	1.013140632	3.741046251	0	0	4.109928833	1.28172792	2.002450499	0	0.860525852	1.145481822	0	0
55347	9.339814603	9.380136991	9.39903092	9.147152509	9.427205345	9.385246374	9.322568825	9.694572404	9.389999306	9.446393751	9.106335494	9.427828644	9.627533884	9.361641171
83451	9.422231739	9.233701874	7.245199001	7.418722088	8.038926669	8.767077062	7.468321015	8.353006961	8.313881608	9.198600967	10.21999166	8.728168822	8.593269352	9.007313534
145447	1.94751655	3.091242838	4.57968703	1.348459062	3.360378324	3.762667726	3.890135356	2.749534268	2.611550123	1.923909795	2.09173368	0.489645688	3.401248173	2.47822115
26090	10.10376657	10.51949345	10.02969775	10.5442574	9.707003592	9.640310742	9.500771784	9.607257437	9.886224553	9.7496427	10.37423997	9.415076243	9.64409133	9.268455214
84945	8.963171219	8.747430704	8.58264218	8.912673215	8.759148841	8.663843413	9.338062448	9.333300284	8.99280921	9.024516937	8.525345013	8.807077305	9.328089429	9.219872026
25864	8.327855747	8.823660526	8.618090325	8.188856344	8.802405857	8.549782358	8.650965558	8.511513502	8.27939329	7.906547314	9.371352157	7.517595382	8.070529404	7.760837687
84836	11.12747239	11.7620948	11.79706795	11.51890155	11.64897354	11.76510742	12.0882568	11.49881142	11.3658795	10.90960017	11.69374063	11.33532737	11.20969174	10.67675611
116236	8.497123322	9.764588496	10.57597237	10.08897939	10.06731671	9.619048879	11.54456517	8.543520243	8.983412352	8.289396925	8.3880737	8.310138318	9.118376858	8.133471567
84696	4.773426728	5.198930197	5.417903135	5.798029771	6.504196101	5.575905263	6.984826287	4.662849213	5.200896644	3.095097375	5.189081281	4.725583029	4.73618272	4.904811618
11057	11.02262103	11.20572233	11.42199731	11.32846098	11.45626739	11.47885338	11.22658234	12.08806088	11.61536351	12.02673617	10.54817602	12.19486216	11.58796091	12.00164474
171586	8.42032786	8.849770068	8.097570768	8.771761806	8.405624409	7.746450499	9.201235154	7.887521006	7.870544121	8.396166769	7.655727482	8.053508892	7.867950194	8.117726207
63874	9.767317455	10.26108425	11.09463538	10.29952675	10.50625699	10.01684268	10.05587946	10.10355521	10.00791799	9.516326644	9.83174632	9.816498911	9.638593389	10.04389797
51099	9.84157677	9.805184417	10.90539159	10.29005445	9.96539153	10.37541548	12.46715831	10.36308235	9.666833446	9.844344065	9.651083811	9.648711875	9.861289179	9.642580825
57406	7.435157675	8.753729876	9.113620287	8.947734819	9.139639855	8.476488217	9.542280495	7.880965859	8.474945407	7.894652874	7.452394461	7.301802535	8.75299874	7.238076991
79575	8.379653449	8.127748823	7.086706289	7.093465103	7.331191054	7.190201982	7.199616403	7.488234611	7.834888786	7.671576448	9.302651946	7.765451869	7.319181657	7.503400418
10006	10.20216265	10.13787094	10.16253232	10.51711129	10.36074845	10.38222704	10.33558609	10.85939843	10.68758853	10.67351818	10.00800121	10.69061107	10.54621924	10.85687616
10152	10.57381246	9.879074081	9.342445853	9.639144959	10.11061602	10.4638469	9.904945253	11.28790228	10.74491295	11.10199425	10.07261016	11.00573478	10.6895043	11.33943884
25890	10.07220712	10.87513337	12.30668066	13.03333252	11.38278158	10.353796	11.49135167	12.65849343	11.55767526	10.56914035	8.705268817	8.960059581	11.00211178	11.07882169
51225	8.455979368	8.080421032	7.245199001	7.701940589	7.198509869	7.065165139	5.876445731	7.199554569	7.934003353	8.308597964	8.433028702	7.260577103	7.446903808	7.103855332
25	11.21253499	11.44073911	11.50900398	11.631238	11.6141442	11.6238435	11.14576775	11.40655554	11.71602031	11.59601202	11.14469049	11.29738042	11.37610178	11.50654626
27	9.881453864	9.508605928	10.09697271	10.30129578	10.06928354	10.11824356	10.1990112	10.04758705	9.830618513	9.541431204	8.50443488	9.804162489	10.04824995	10.06908747
3983	11.8215399	12.58790036	13.32132569	13.18301021	12.90533755	12.92448547	13.16273347	13.4174775	13.10735351	12.01888863	11.3643534	12.48718128	12.65199734	12.55869748
84448	7.08998641	6.971481476	6.883961657	6.009035827	6.816711053	6.40887317	5.866423373	5.791493726	6.651424877	5.952331236	6.338686472	6.122958414	6.827929508	5.592316498
22885	10.38943506	11.05931553	11.80550665	11.60473951	11.87624085	11.59502483	12.44165182	10.58666164	10.62340545	10.60297309	9.823328226	10.15750535	10.9907514	10.27262734
28	5.967798035	4.36163503	4.153999844	4.770231763	4.520761666	4.551620602	3.427619581	4.780215596	4.056193324	4.281223455	1.785341299	5.92609433	5.070762835	3.721624207
26	3.841298899	2.64745267	4.153999844	2.845108627	4.323946455	3.319141003	0	3.027914841	4.156898139	4.528352523	2.987884735	1.93681694	2.733831544	3.61799192
137735	1.538438835	1.526369342	0.593784005	0.599793852	4.323946455	1.483415958	1.782408565	1.051998468	1.634500338	0	0.493442391	1.594739622	0	0.68670221
29	11.23418065	11.04192009	10.60974111	11.02227487	10.86892933	11.02860424	10.94642859	10.87477638	11.10990625	11.28987227	11.3226937	11.19317937	10.97213696	11.22670648
29777	9.343344303	9.211906541	8.714392528	8.279813914	8.68925093	8.91263789	8.423811766	8.836721037	9.112059169	8.921026551	9.944715574	9.24488159	8.992261144	8.805886361
80325	9.455881585	9.808818933	9.676327007	9.533731139	8.946290476	9.572161128	9.387079229	8.485651828	9.333294692	8.61040257	10.44643397	9.689525962	9.199565611	9.503496424
25841	6.113825496	7.184169192	6.625850549	5.863356202	7.403650334	8.481934615	5.308652111	7.755195378	6.922115767	7.445084392	7.167323803	7.491917215	6.594730666	6.506501977
30	10.96375623	11.12371495	10.57308221	10.36752734	10.33808831	10.24269443	10.25385706	9.408908613	10.10446417	10.17522804	11.2518386	10.06584047	10.33378731	10.29520139
10449	10.61848746	11.47182974	12.15660898	12.28487478	11.8125024	11.83468799	12.97189201	10.90685693	11.19674172	10.18841749	10.86920385	10.31223791	10.95486006	10.0063387
31	10.9570905	11.07323354	11.59652663	11.22880012	12.33969852	11.54300122	12.78469761	10.93507913	10.84947313	11.75970734	10.1600586	10.79419222	10.9144826	11.08105629
32	10.14641721	12.50061192	13.88568958	13.85501393	13.30610512	13.07950835	15.31736334	11.16379331	11.85342625	9.795730589	11.1266466	10.98431235	11.99655025	10.2708487
80724	9.097990223	9.120300613	9.304612797	8.773462005	8.957661014	9.301485906	9.407957076	8.60976678	8.914065162	9.056670497	9.340354858	9.447166106	8.851341782	9.574425692
84129	9.010072917	9.2318982	10.65235393	9.505300071	10.04880943	9.868117082	10.85117966	9.030805882	9.027279587	8.706179989	8.787460544	9.185997085	9.274383279	9.18388842
27034	9.459789379	9.237302711	8.836718828	8.906487787	9.109373881	9.251344881	9.591781317	9.069752641	9.220746875	9.526202258	9.351205824	9.588652055	9.105908509	9.361641171
28976	9.819433963	10.22162856	10.35035978	9.850420495	10.39668762	10.19705607	10.1073085	9.666059038	10.07218487	9.784876092	10.2429934	9.697966117	9.691136657	9.425686093
33	5.127975755	8.010598596	9.412028655	8.551619064	8.724622989	8.405664824	9.758876777	7.160396866	7.351987792	6.348397093	6.160972611	5.314399256	7.08976719	5.418146086
34	10.00114004	10.51949345	10.96943926	10.32641791	10.6481074	10.42949786	12.09242761	10.02942597	10.11153946	10.45945816	9.920634518	9.864190943	10.45224124	10.38179351
36	11.44746865	10.64136431	10.48151379	9.443691182	10.59993952	10.24803144	11.53134559	10.73638722	11.00995448	10.22087285	10.16108665	11.2550729	11.57773669	11.92591199
35	9.689027232	10.68552515	10.62330969	10.70302056	10.16864241	9.967873237	10.59274695	8.116811786	9.409904699	8.386561798	10.75058951	8.854447042	9.534176021	9.163473825
37	13.12656723	13.03319508	12.96145431	12.89138638	12.50149928	12.90560593	12.79488844	11.51918057	12.37173829	12.24109063	13.53355254	12.68887418	12.51198033	12.4116405
176	5.967798035	3.026127235	2.82984956	3.947946628	4.609938124	2.570317197	5.067535467	4.600382757	4.422663592	3.230126141	1.785341299	2.333652715	3.980262987	2.763709007
9744	7.206200713	7.574122706	5.310939907	5.151213453	5.847901726	5.891771554	5.201120202	5.068718097	6.681319945	7.038948611	7.262362682	7.056741748	6.243794733	6.259131224
23527	9.814366326	10.01743341	10.59936178	10.73391516	10.66554698	10.24909638	11.08224293	10.62148461	10.40724758	10.41792075	9.133827298	10.3715263	10.65685233	10.78986983
116983	8.975160984	9.192561846	8.748951239	8.600506902	8.369899157	9.096720425	8.389389561	8.060089548	8.560343535	8.831887056	9.719016034	9.024636054	8.353606914	8.727134925
38	10.44009468	11.1132202	11.91703248	11.47699144	11.42793395	10.91072757	12.55294123	10.81327768	10.8048242	9.997724553	10.66403246	9.958024404	10.7732467	9.58190443
39	8.761392993	8.319363229	8.404768612	7.569816124	8.284549297	8.360079783	8.645232946	8.321726103	8.281848446	8.964262304	9.051548295	8.073080063	8.333816378	8.290603181
64746	10.03602095	10.16793529	10.13601228	10.31420357	10.04350336	10.0093196	10.23450779	10.34890262	10.35388464	10.5271374	9.629704319	10.38641091	10.63926201	10.75899025
79777	8.500920733	8.641356359	8.495773498	7.876643407	8.210323107	8.424642489	7.744843254	7.638282405	8.101299717	7.49956848	9.452095007	8.647603768	8.244001748	8.203765455
91452	9.282867879	9.410753851	10.18605368	9.83261268	9.780875674	9.62234033	10.34599141	9.3688696	9.379616847	9.331570199	8.727648563	9.51008053	9.58406373	9.937151918
84320	9.06502077	8.830828272	8.52995912	8.322253566	8.106885859	8.167338356	8.214587719	8.22601088	8.552092673	8.422256552	9.118030798	8.418040222	8.473087957	8.439881985
414149	5.114816756	4.387789881	3.271395794	2.845108627	4.323946455	4.210412244	3.191152018	6.538508676	5.165075818	6.338467203	5.156461339	6.509539088	5.107616737	5.311455887
40	3.210077099	2.251325232	0	2.204203332	1.300826593	1.885261974	0.492314685	3.507997554	4.295891966	0.878372225	3.634500338	2.213098386	3.211152405	1.150039693
41	7.038657854	6.125760605	6.329656434	7.286831259	6.277984747	7.400357752	6.704512352	6.773701006	7.365203473	7.828794673	6.74195095	8.175474202	6.748484043	7.217541909
9311	3.159709907	3.27063359	3.48327406	0.599793852	1.782198856	3.319141003	2.088616536	2.194748976	2.538761627	3.095097375	4.079412247	4.350207265	2.911058766	3.467109895
55515	1.538438835	2.361010324	0	0	0.982436918	1.698307394	0.492314685	0.44127099	0.679333711	1.563695074	1.395775743	2.081544154	0.902729639	1.904310675
51802	0	0	0	0	0	0	0	0	0	0	0	0	0	0
390110	0	0	0	0	0	0	0	0	0	0	0	0.489645688	0	0
84680	9.250900008	8.817660348	8.394632893	7.956653198	8.119595845	8.456342093	8.847171379	7.913445953	8.018402726	7.774590734	8.295602275	9.744928501	8.075188709	9.293198488
65057	8.828615081	8.480517184	7.694962352	7.578985494	7.964791946	8.458185116	7.595105277	8.308109182	8.431630063	8.408084281	9.675033095	8.829035151	8.212628672	8.549572916
59272	3.598258	3.861975209	5.65503692	2.495490511	4.773284293	5.019363882	4.840639469	5.950195433	4.442751124	4.798418661	3.060203062	4.634639731	4.267603212	3.87935289
125981	0.709202395	1.324522612	0	0	0.573277568	0.924556002	0	1.051998468	1.139273018	2.720059527	2.223577006	0.854554259	0	0.936892302
340485	6.602743398	6.945302194	8.452394461	8.01818571	7.736305861	7.546125075	9.369447071	7.160396866	6.9782414	7.225611383	4.243707158	7.545948297	7.468314497	7.778389953
55331	8.222929146	8.463708683	9.932316933	9.901877698	10.17291699	9.638686237	10.7691808	8.67815397	8.81641187	8.949847133	7.288943569	8.119977054	8.909893084	8.397476128
1636	8.98773782	10.20288428	10.08078502	10.84683928	10.50819152	10.2053214	10.14924869	9.948671217	10.06694096	9.072482347	8.737331519	8.507259079	9.679709505	9.366312815
43	4.557024029	5.662416305	4.153999844	2.204203332	3.056323404	5.223878147	2.555816155	2.824319805	4.029876886	4.474961626	5.557189496	4.790219455	4.267603212	3.786805433
22985	11.72201464	11.46089893	11.23656108	11.4086088	10.96889024	11.39978152	11.10745772	11.22976365	11.2934121	11.66318791	11.48544273	12.02314042	11.58428852	12.1506713
47	11.73416525	11.72490645	11.39005618	11.61140991	12.47887936	12.15383852	11.55747012	11.30248694	11.51146918	12.04621799	11.12374902	11.63421874	11.74605784	11.8495616
130013	4.773426728	3.378913857	0	0	1.782198856	0.924556002	0.492314685	0.778713221	2.538761627	1.420455453	3.431342148	2.548189989	3.27734506	2.017244929
57001	7.469157446	7.206384377	6.980192142	6.876453098	7.188893424	6.944125202	7.227288623	7.00429576	7.459409486	7.798329874	7.593115444	6.98951712	7.014142132	7.286765661
48	10.39964248	12.21034892	13.53511178	12.85018483	12.9932534	12.11493486	13.59510933	10.90712577	11.28578735	10.25855049	10.51759715	9.964457261	11.48995701	9.611999671
50	11.31902688	11.88152441	12.14462125	11.47108593	12.01298758	11.95460946	12.43635941	10.69898424	11.30698462	11.14272881	11.51715717	11.0700782	11.18166003	10.86683366
26027	5.640646955	5.427052989	3.240634893	4.849754121	4.08896416	4.827366842	4.300621625	4.938417539	5.563923825	5.155898966	6.129719881	5.423558003	4.892182136	4.716941524
134526	0	0	0	0	0	1.23087931	0	0.778713221	0.37928825	0.355467388	0	2.081544154	0	0.68670221
55856	9.303961987	9.45359186	9.886658967	9.690097	9.473833172	9.339801022	9.764601102	9.180487296	9.206308423	9.120462366	9.042237483	8.866262935	9.211771998	8.887030783
641371	9.395959063	10.63762256	10.88378338	10.56010628	10.39356185	10.52447834	11.44391321	8.80360129	9.761332152	8.689676211	9.85226092	8.899090415	10.10971706	8.250720504
10965	8.616286378	9.859931978	10.46549784	9.863276279	9.040197923	9.657257882	10.57246983	8.002696895	8.792153546	8.098146336	9.051947368	8.289791593	9.199565611	7.865819861
122970	7.675901299	8.092399329	8.288215504	7.315126008	7.918993193	7.740404124	8.283993054	5.941822315	7.048740788	6.943911952	7.376527421	6.971049159	7.414179517	6.212452611
641372	2.061637969	3.026127235	4.806617929	3.432130956	3.216346213	3.809620235	4.442286671	1.949534933	2.002450499	0.878372225	1.785341299	1.387527978	1.666256674	0.383828687
11332	8.853581848	8.462170957	7.804163941	8.467983699	8.065445217	7.643295594	6.961478635	7.362127059	8.172190957	8.657090102	9.244668517	7.527108661	7.750524775	7.808125656
10005	8.207068512	7.993390187	7.527023405	7.633893967	7.725171272	7.970226709	7.627123816	7.484318618	7.652468569	8.149779631	8.651312214	7.886598919	7.42392855	7.794463955
23597	8.703464125	9.214649154	9.428112862	9.660437015	9.486301478	9.299431046	9.331702978	9.39594086	9.386114688	9.045269034	9.078309616	8.175474202	9.087578199	8.603704226
51	10.42814742	11.5284819	12.19121788	11.70013134	11.93835861	11.55768914	12.33733679	10.85735193	11.26953751	10.52522363	10.3476196	10.52698077	11.01051594	10.58396833
8309	8.381028075	8.644071496	9.319635319	8.478446468	8.612199875	8.460025788	9.309683023	8.365582315	8.316605564	7.679464617	8.419345058	7.830924586	7.971543554	7.941112768
8310	9.355980239	9.610689175	8.940536482	8.579102063	9.133386538	8.977047184	8.513237273	9.045534436	8.947838244	9.514674214	9.162859562	9.045284599	8.934460182	9.933559066
55289	1.182565182	1.324522612	2.019701914	2.033088169	1.561497221	1.23087931	0.85861763	1.051998468	0.679333711	1.082566351	1.603691617	0.854554259	1.666256674	0.936892302
52	10.30976509	10.1277603	9.970158678	9.899543781	10.04882932	10.1510895	10.06959369	10.43718497	10.19901783	10.39863736	10.43032124	10.42593371	10.14670702	10.04348135
53	10.21468533	10.59475669	10.1386211	10.60089962	10.29223281	10.06722661	9.734290128	9.392872496	9.814329311	10.14777133	10.13725234	9.417635883	9.661236006	9.463568716
54	10.36845451	11.1502196	10.03460847	11.25824425	10.0056609	9.089532313	7.96510144	9.557429812	9.427650795	11.31698964	10.42433932	8.832875777	8.902047343	9.727508003
51205	7.687056488	9.12127526	7.334380562	6.844454703	7.083850524	8.339208217	7.307255464	8.103735237	8.00664418	7.803752708	8.489779335	8.717129397	8.10283132	8.07596576
92370	8.934439836	8.434206616	8.054011654	8.37919986	8.413903326	8.220431052	7.829816586	9.217542636	8.665405563	10.40638169	8.263412876	8.79005781	8.702699788	9.210252962
55	5.229122586	5.833937486	4.451263872	5.715520022	4.747312201	3.501795794	3.056583528	4.989684003	4.810515083	4.724099061	5.297782023	5.371841101	4.166434269	5.376411946
93650	0	0	0	0	0	0.535057595	0	0	0.37928825	0.640528385	0	0.489645688	0	0.68670221
84519	4.687167094	5.091627909	5.683901336	5.850524417	4.693921791	4.850004262	4.330092245	4.266674119	5.200896644	4.882828876	4.864943825	4.610977568	4.450854928	4.813929941
93953	4.806535445	3.969795167	4.697612597	4.797225734	4.214459012	3.94196078	5.380829863	4.973344935	4.273635239	5.013386326	4.446209904	5.159911691	3.459431619	4.269669049
56	0.965248657	0	0	0.599793852	0.982436918	0	0.85861763	0.778713221	0.679333711	1.563695074	1.603691617	0.489645688	0.902729639	0
49	2.444773066	3.213285062	3.110613806	3.361543798	3.138552375	3.109962253	3.372032714	2.303342394	3.090362289	1.694033266	2.911749097	2.333652715	2.162951177	2.827046671
23205	3.841298899	6.321648546	4.272762269	3.795621507	3.825103798	3.94196078	3.677327824	4.888748119	4.779264974	3.877057089	3.893964017	4.199711601	3.569199413	4.630818975
81616	3.107520494	2.603501726	2.190362011	0	1.300826593	2.333795809	1.393251437	3.089854035	1.634500338	1.813524689	1.94665601	3.11727946	1.666256674	2.397063631
80221	10.63442211	10.81736672	10.56825219	10.0876132	9.939819399	10.53062268	11.2078537	9.050410547	9.535104654	9.718876171	10.61385253	9.984794251	9.928486249	9.636516233
197322	8.886857992	8.585949507	8.13201948	8.066144636	7.804012244	8.300692086	8.01811726	7.380831594	8.167672038	8.557881037	9.444515094	8.724039016	8.334224561	8.728172224
2180	11.38906792	13.73162457	15.32485773	14.80966818	15.35883113	15.0978452	16.4253723	12.41293127	13.06859413	11.49570945	11.94749573	11.08998396	13.08754212	9.969969382
2181	11.82052723	12.43911227	10.91797514	11.23621766	11.598113	11.23539715	10.9069453	11.61577261	11.30340176	12.76744277	10.83256869	11.87223366	11.39252742	12.13070762
2182	10.04124627	10.62186891	11.45664821	11.83529756	11.2299889	10.86352533	11.25998036	11.31692562	10.79801827	10.59803947	9.458799686	9.695865964	10.69026369	10.39589664
51703	9.746141087	10.01323905	9.900390308	10.19998845	9.921790367	9.7868461	9.872766594	10.16329707	9.815292504	9.648285311	8.978031418	9.835127303	9.891981719	9.91318024
23305	2.747236999	2.731552559	1.337711092	1.348459062	1.782198856	2.773447828	0.492314685	2.404303691	2.462104684	4.545715134	1.603691617	3.472747693	2.636311398	3.581724829
116285	5.166739543	12.52291105	0.593784005	1.348459062	3.667846721	4.605838017	0.492314685	5.005840095	6.138685476	7.780104023	5.506319484	5.093167167	4.95419631	7.303564328
123876	2.677350377	1.089701524	2.722640886	4.041234219	1.782198856	0	4.075541188	2.49865936	2.204203332	2.37620702	0.493442391	1.145481822	2.636311398	0.383828687
348158	0.965248657	2.957933166	1.337711092	3.432130956	0.982436918	0.535057595	3.722476954	1.479799661	0.927517246	1.420455453	0.860525852	0	0.902729639	0.936892302
6296	7.55424809	9.002233039	3.608395295	2.690104161	4.801324236	6.0439525	3.868607755	7.669349266	6.817775449	8.084220031	7.314746367	7.737260866	5.877317267	9.382920532
341392	0	0	0	0	0	0	0	0.44127099	0	0.355467388	0	0	1.666256674	0
54988	6.62147023	8.601399762	10.40988996	10.6312239	9.19232808	7.317495826	10.86635096	6.78778505	8.0217451	6.152623544	7.047902594	6.496684438	7.103515474	4.665887305
84532	10.00560223	9.957026276	8.407670133	9.131326589	9.026765485	9.513098278	8.809745624	9.323665046	9.440818724	9.553821448	9.90844156	10.12184922	9.408745186	9.945649545
55902	10.11248082	11.53445035	12.7531644	12.36049926	12.33806805	11.61209535	13.12612468	10.90065967	10.99876226	10.06738932	10.73133702	10.57133323	10.99874372	9.859281011
79611	7.948552375	9.045255927	10.6116202	10.0711168	9.668598898	7.969606399	11.87910779	9.035731943	8.503913171	8.734851851	7.537195876	7.888642196	8.609419598	8.698841465
58	2.938605728	5.970004625	1.337711092	0	1.300826593	2.456884983	0.85861763	4.817306034	5.736572406	3.982838462	3.933015469	1.77589336	3.211152405	2.763709007
59	15.42983429	14.03380347	11.64550434	12.26102861	14.15100338	14.04919856	12.46454274	15.08972764	15.45143684	14.69344538	15.43898021	14.21711705	14.53098142	14.39802955
345651	1.371447346	3.325789346	0	0	0.573277568	1.483415958	0	3.552672171	2.538761627	2.837519451	3.812559834	2.644571589	2.636311398	2.697462477
60	16.32452632	16.66147168	15.98467808	16.3421128	16.17726318	16.09928332	15.51955476	16.29609453	16.60846366	16.32887665	17.14006017	15.45458621	16.0232468	15.56549679
70	4.206354093	1.089701524	1.826111164	1.838871111	4.214459012	2.050745464	4.840639469	3.596004841	5.269979418	1.082566351	2.223577006	1.594739622	3.459431619	0.383828687
71	15.77595927	15.88280128	14.97370421	15.35345416	15.29488736	15.54895373	14.62758606	15.71051537	15.86608373	15.93534496	16.7646641	15.59628695	15.35804645	15.54612463
72	13.09426362	12.09054903	7.513900472	7.76141427	11.95441041	11.65631871	8.359173246	13.10604194	14.07309813	12.15019164	13.51999513	11.36591028	12.20540812	11.66173068
86	9.455881585	9.26843182	9.164430809	9.177008598	9.303444004	9.138630957	9.093664749	9.845840489	9.550169399	10.07226568	9.486951438	9.847835659	9.584880783	9.603545678
51412	0	0	0	0	0	0	0	0	0.679333711	0	0.493442391	0	0	0.383828687
10881	0	0	0	0	0.573277568	0	0	0	0	0	0	0	0	0
10880	0	0.460585313	0	0	0	0	0	0	0	0	0	1.145481822	0	0
81569	0	1.089701524	0	0	0	0	0.492314685	0.778713221	0	0.640528385	0	0	1.453701937	0
284382	0	0	0	0	0	0	0	0	0	0	0	0	0	0
87	13.395396	12.906287	12.44708165	11.56208994	13.07497656	13.10443775	11.75677996	12.94169607	13.55454275	13.39002342	13.59808344	12.75201727	12.71529989	13.12745421
88	0.965248657	0.460585313	1.337711092	2.357186006	1.300826593	1.483415958	3.191152018	1.653931334	2.611550123	0.640528385	1.94665601	0.489645688	0.52084965	1.33571191
89	1.688046044	2.132576843	1.337711092	0.599793852	1.561497221	0.535057595	1.393251437	1.051998468	1.889901809	0.878372225	1.152832405	0.489645688	0	0.383828687
81	13.42966246	13.44681785	13.33308801	12.7913874	13.36811911	13.27483909	12.56459166	13.0028601	13.63050199	13.23823596	13.77687064	13.40134229	13.44703773	13.32802614
55860	10.32233954	10.14511532	10.07942771	10.1802553	10.2179382	9.983955383	10.38161022	10.49198023	10.29121998	9.929080687	10.26849908	9.840224024	10.1757394	9.879029651
10121	11.31998569	11.85114975	11.85413602	11.7699358	11.71767047	11.65631871	11.4031175	11.19627581	11.49728373	11.32392603	11.51951198	10.7079492	11.30226638	10.68345663
10120	10.75248686	10.64441864	10.37878048	10.25518676	10.19890074	10.52843135	9.862088998	9.883490842	10.64252758	10.41438007	11.29087482	10.56210855	10.30084992	10.24099961
10097	11.93700593	12.1504991	12.54005157	12.88540352	12.45362841	11.94444795	12.49517176	12.63563746	12.31457294	12.59245363	11.30629124	11.86381184	12.34553784	12.15492039
57180	8.094769169	7.039056121	6.356798792	5.83758	6.713177528	6.949376181	6.58126085	7.355838227	7.341326673	8.220783628	7.931132842	8.456717456	7.338688255	8.147496488
653857	5.495918968	4.732046645	4.725643011	4.627099004	4.4257077	4.174989579	3.967177832	4.662849213	5.498263635	5.53202702	5.677031775	4.872124474	5.161186314	5.458710091
10096	11.39537261	11.43055254	11.43452523	12.02264308	11.48479209	11.0827737	11.24289393	11.91452685	11.690129	11.98676645	11.1350428	11.19641248	11.50103667	11.31392881
79913	7.785828419	7.646319651	7.053911767	6.98610598	7.309168	7.37326278	7.199616403	7.547381962	7.617972825	7.598572149	8.04244024	7.983829867	7.729989782	7.610786419
64431	9.212042774	8.923143831	8.567232075	8.507345115	8.699445789	9.028815271	9.266515073	9.371989168	9.035594495	9.151171332	9.130681753	9.340602546	9.196361637	9.433357805
93973	8.702365263	8.66293642	8.836718828	8.549635675	8.808651155	8.878634005	8.86489741	9.045534436	8.978260852	9.158244866	8.466680951	9.172976978	8.94595264	9.318213562
139741	0	0	0.593784005	0	0	0	0	0	0	0	0	0	0	0
140625	0	0	0	0	0	0	0	0	0	0	0	0	0	0
91	10.07730323	9.98567404	9.94205758	9.603263029	10.00360533	10.24215969	9.603141347	9.91858421	10.1220877	10.06701359	9.84139892	10.51428187	10.11141922	10.51967812
130399	5.877199456	9.574139362	11.7659781	11.54452137	11.00358832	10.64710257	13.88662771	10.19798957	9.41563277	4.8691015	7.219579001	7.604033506	10.09086031	4.683106906
90	10.2421722	9.964649014	9.956176475	10.57041322	10.08880573	9.954877212	10.23304608	10.56535707	10.41489386	10.4456485	9.910277101	9.974922312	10.16649063	10.66136153
92	8.810367587	8.432637103	8.825428534	9.011083258	9.17781691	8.97189585	9.166942605	9.641915723	9.261604387	9.455609977	8.553806284	9.391833867	9.066674225	9.577882148
93	8.212158805	7.852893999	8.299916826	8.385884828	8.333267183	8.591793843	8.601978358	9.459644728	8.644961592	8.58752814	7.288943569	9.711942926	8.058815421	8.830243914
94	9.879510347	10.61531145	10.29003993	11.23498408	10.67073803	10.05631649	10.47030248	9.569029999	10.34990142	10.00048232	9.73494988	8.71435612	10.20791615	9.225759822
95	9.726812829	9.890552939	9.12848777	8.984667954	9.596756657	9.635969278	10.07286576	8.605638039	9.074735549	9.799332139	10.19735899	9.247761404	9.006966417	8.982933699
91703	4.739540309	4.387789881	0	0	1.300826593	3.762667726	0	5.421701313	4.082038306	4.032955977	5.939200714	4.703377603	3.811830632	3.342597411
97	6.484966251	5.694203248	4.806617929	5.850524417	3.611373068	6.230562336	5.337957228	5.810013728	5.905297943	5.971732069	6.639447799	6.273728474	6.500884891	6.426960771
98	7.386717844	7.788086638	8.062279865	7.757982634	7.944933389	7.715962676	7.990699644	7.29139175	7.322478919	7.104867088	7.992488043	7.24144171	7.787902559	7.255449747
132612	0	0	0	0	0	0	0	0	0	0.355467388	0	0	0	0
161931	2.161242758	1.703410828	0	1.348459062	2.29372361	2.951494546	0.492314685	1.051998468	2.469182686	1.967869491	2.20454767	0.870581724	2.418945512	2.794457457
161823	7.773322541	7.763325255	7.820503851	8.088173406	7.98438086	7.633541646	8.560622491	7.254679069	7.642061082	7.260211063	7.32241312	7.45584584	7.753434725	7.461600588
102	10.45615879	10.0195261	10.10433181	10.78412041	10.63001033	10.37590305	10.43386623	11.12178642	10.62862088	11.3414332	9.147379208	10.72320324	10.78289144	11.20488991
4185	4.348026993	3.091242838	2.82984956	2.357186006	2.29372361	4.138675238	2.908178828	2.587220954	3.140418755	4.783859966	4.781831791	5.223704419	4.131070851	5.017712613
8038	9.862883261	9.838162971	11.08790162	10.13732125	10.83773097	10.59779214	10.17231211	6.921548204	7.967318496	12.11099234	7.916595471	8.985584961	8.891519438	11.23639916
8751	11.40877787	12.17435392	11.17085187	11.58816888	11.77964521	11.58853312	11.30334137	11.03858543	11.60747754	11.57886005	11.92980926	11.27879104	11.28477379	10.82740511
6868	9.453270634	9.13581726	9.179711577	9.632601764	9.515446753	9.447807905	9.156699472	9.819231164	9.498330261	10.07413691	8.625577716	9.622326784	9.450583815	10.09625711
8749	0	0	0	0	0	0	0	0	0	0	0	0	0	0
8728	6.644542749	7.836369165	6.902500535	7.507222205	7.39948729	6.532988585	6.874150214	7.387012648	7.404139315	8.479853407	5.929580353	6.288718453	6.742639542	7.469065438
8748	1.538438835	1.703410828	0	2.945045797	1.782198856	1.698307394	2.220329955	2.49865936	1.4875378	1.420455453	1.94665601	1.145481822	3.401248173	1.500241179
145241	0.709202395	1.861081942	1.337711092	0	0.573277568	1.698307394	1.782408565	1.479799661	1.139273018	1.261350279	0.493442391	1.387527978	1.453701937	2.311067102
8747	3.598258	2.361010324	2.722640886	1.838871111	2.670591105	1.698307394	3.481130996	3.027914841	2.462104684	2.52371249	1.785341299	3.245754242	2.733831544	3.107721342
53616	4.961563138	5.0097816	8.576882615	6.383258457	7.59054214	6.104424729	6.312650654	6.64550569	6.043246064	6.333477404	3.58633241	5.675423596	6.18465917	6.666569143
8745	4.901537897	5.926058739	5.549200927	6.743967288	6.601637096	3.443447522	6.156918358	4.394898224	6.629685925	6.650820554	3.257674467	4.231094429	5.557256904	4.683106906
10863	7.948552375	6.438868351	4.484453968	3.12631213	6.241237664	6.036964817	3.532740852	6.971764252	7.351987792	8.27645293	6.790594817	6.947626419	6.407913539	6.721773201
11086	1.823627093	0.460585313	0	0	0	0	0	0.44127099	2.106850796	2.026410568	0.493442391	5.837118249	2.636311398	1.500241179
2515	0	2.462942273	0	0	0	0	0	0	0	1.261350279	0	0	0	0.383828687
11085	0	0	0	0	0	0	0	0	0	0	0	0	0	0
203102	3.992822803	5.40506656	3.831704999	4.797225734	4.920002636	5.372015295	4.977289083	4.761306552	5.258696047	5.899279574	3.97102846	5.89704192	3.569199413	5.680701299
80332	9.696448758	9.432905138	9.081723357	9.342727623	9.352722999	9.793431476	9.132452946	9.538812445	9.684153539	8.95340552	9.314307027	8.686695558	9.410801542	9.752841399
1587	0	0	0	0	0	0	0	0	0	0	0	0	0	0
255926	0	0	0	0	0	0	0	0	0	0	0	0	0	0.383828687
8755	16.16116088	16.17121708	10.76205044	8.683193599	13.94281667	16.0607987	11.20652357	15.27473165	17.01279098	16.63693978	16.54413839	15.66757893	16.46287023	14.37184718
8756	0	0	0	0	0	0	0	0	0	0	0	0	0	0
101	6.888259835	7.824449651	6.5416217	5.042591811	5.74666211	5.913430395	3.630719978	5.186801616	6.427827387	7.903098542	7.292700779	6.678415631	4.994109007	6.491917215
8754	10.64046015	10.84535989	11.11630555	11.99539929	11.20635238	10.58561814	11.25902309	11.15000217	11.11088729	11.59275246	10.11089094	10.3117793	10.80794983	11.10840194
27299	3.63559189	5.629910276	2.019701914	1.348459062	3.138552375	0.535057595	0.492314685	2.194748976	1.767866632	7.960874817	2.344345625	0	3.811830632	6.385484533
81794	7.0176035	8.716806089	8.584557061	7.238404739	7.883663578	8.378670276	6.647131714	6.303842838	7.637710945	6.927446134	7.351526745	7.17037377	7.267193998	7.320170544
81792	5.612839017	7.130962778	9.364901335	8.511426528	8.943433784	8.405664824	9.189224629	6.434920073	6.971343517	8.926008317	5.267550779	6.139592279	7.303383496	7.99898412
11093	7.028169085	5.596657904	4.88328845	4.714668646	4.489767697	5.996949083	5.067535467	4.125932076	4.779264974	6.034583299	6.974943385	7.145884267	5.516727491	7.426243785
140766	5.323643881	2.64745267	2.722640886	7.060417092	4.920002636	3.032911911	3.056583528	2.749534268	3.235589216	6.713627087	2.344345625	3.182946495	3.211152405	4.813929941
170689	8.584425523	8.751213641	9.169542486	8.689493813	9.268489602	8.531796273	8.537124418	6.145141439	7.701621134	8.529794794	6.93222184	8.111570761	7.399394147	9.883226428
170690	6.630743272	6.835559061	6.273790006	9.074527646	9.496082203	6.862970797	7.564438381	8.01671749	7.903528809	7.663644912	5.398859958	4.610977568	7.230072329	8.01607227
170691	6.505276447	5.596657904	4.780131589	5.811332303	5.010130838	4.780992435	4.495279433	5.837357974	5.012166379	5.885706134	5.327389167	5.467171861	5.178611076	6.21837046
170692	4.651166528	6.117969262	6.985997865	7.733731914	7.981598676	6.722808897	6.864113079	4.065555079	5.077858235	8.575953655	5.327389167	6.584347722	7.254925618	7.743930946
171019	1.823627093	2.558145159	1.60250439	5.212666605	2.555570778	2.333795809	0.492314685	2.303342394	1.767866632	5.365996915	1.603691617	2.444905553	1.453701937	5.017712613
9510	11.81290946	12.05999447	12.80807333	12.0811368	12.20694069	12.24260343	11.94844013	10.66410235	11.61633104	10.72803775	11.67640794	10.53407503	12.19246704	11.75793919
80070	0.397802962	0	0	0	0	0	0	0	0.37928825	0.355467388	0	0	0	0
9509	9.150512967	9.729224415	10.430263	10.81210284	10.39878516	10.25016066	9.24443686	9.070712932	9.495929158	9.085156665	8.269145853	7.459162728	8.480131802	9.645877972
9508	6.689609474	6.045884135	7.338924422	6.365330348	7.134825701	6.094979187	7.862956544	8.769703318	7.851888308	6.963426727	5.948757349	5.343407822	7.747608943	7.01824581
9507	7.887969952	7.995794281	8.678985628	7.914123181	8.99814359	8.382557456	7.417749582	4.642326122	6.60315897	8.021089907	8.354312423	5.89704192	7.974040531	8.197786777
11096	10.45322165	10.89720934	11.37602921	13.03820307	11.78164589	11.70951544	11.52439137	11.73172051	11.49367785	10.13563747	9.653277537	10.84546935	11.16749994	11.484309
11174	5.192020526	4.690623819	5.780611941	6.88905732	5.175073439	4.872296883	4.41504877	5.186801616	5.507826347	5.074484029	2.831370588	3.574125735	4.782497682	4.750000789
11173	6.140038308	7.770798659	7.456507199	7.62114564	7.464696036	7.140561908	6.737876008	5.581158393	6.437870229	7.49956848	6.409613264	5.239222353	5.29502134	7.48388106
11095	8.946558349	5.607827403	3.667982929	3.898933872	5.637778315	4.34401178	1.782408565	4.835504743	5.926851022	8.975702975	7.307633439	5.652426262	4.561246697	7.008033017
56999	9.557235839	9.099678659	9.463919732	9.616586703	10.00839711	9.296343373	10.1879884	8.829931039	9.319782069	10.68117234	7.681751435	8.546767158	9.538399839	8.874014925
92949	7.284667737	7.464721354	7.877841776	9.429741065	9.452542311	7.251006089	8.950400174	9.538118105	9.196552704	7.98812454	6.680180868	6.860008049	7.729989782	8.925568978
9719	6.120422448	6.201447632	5.883738104	6.009035827	7.217552572	6.056561853	5.751329815	4.888748119	6.991937872	4.8691015	6.993531715	5.176127261	5.357552005	5.208181674
57188	6.19107896	7.224639407	8.59788942	9.694043716	9.37515632	8.333194716	9.837931892	8.52261723	9.108920098	7.938041675	5.808825206	6.430638208	7.875982744	7.633110027
54507	9.088767307	10.19318356	10.57163491	11.22103271	10.22971036	9.614097489	10.84386265	10.51120798	10.67340245	8.293257815	9.275376337	8.460032343	9.332960741	8.935482732
339366	6.689609474	5.917107089	4.234256048	5.743549974	5.798169784	4.466274723	4.546388271	6.195316098	5.573065448	6.353337407	6.680180868	5.093167167	5.981256734	6.586467528
11033	7.725411933	7.645967471	6.821427056	7.395103083	6.775543124	6.411614367	4.964569601	5.50942349	6.836646251	6.662527392	8.489157147	6.78041772	6.503237412	6.952165801
55803	8.401489252	8.744903448	8.776014146	9.741727524	9.017287807	8.596822241	8.459250041	8.008722734	8.66112571	8.544986063	7.892036381	6.834694785	7.697118393	7.23223959
104	9.615615109	9.769570598	9.715297958	9.62602894	10.12139882	9.678758572	9.735667204	9.453767568	9.604117297	9.496928456	9.233959701	9.633379259	9.630702325	9.606933148
105	3.05338942	3.527483262	1.826111164	3.038523977	0.982436918	3.183105345	0	2.824319805	1.323888827	2.37620702	3.060203062	2.333652715	1.453701937	3.87935289
103	12.7486022	12.44525506	12.24778677	12.42466684	12.59127965	12.47496383	12.77619177	12.97445607	12.74364996	13.07081161	11.94928224	12.75909864	12.56823496	12.754998
23536	8.182512545	7.686384967	8.523984902	8.451083737	8.470562488	8.349175055	8.746949247	8.094322118	7.930451135	8.511130382	6.639447799	8.155167857	7.824336355	8.433536203
134637	7.18432394	6.84502957	6.50164614	7.060417092	6.797856033	7.460443609	7.481512882	7.845495069	6.925688541	7.92814407	6.430226721	8.06878795	7.135095658	7.405643553
113179	5.720989786	5.651663092	3.667982929	3.947946628	4.358670539	4.06317502	3.314217965	3.638073837	4.825892452	4.32210842	6.847902978	4.537575632	4.507103249	3.937909306
100	6.588536255	7.16539143	7.680712549	8.049399339	7.654823602	7.242474845	7.199616403	7.362127059	6.967883321	6.713627087	6.450551443	5.86738995	7.047716141	6.114306634
57143	7.499845887	8.125807607	7.59971576	7.77165981	7.665264136	7.722112138	6.715720434	6.856216346	7.427006881	7.669598003	7.605252817	7.465772897	7.14842167	7.360867271
90956	9.798510359	9.92053761	8.931537988	9.132652152	8.867102331	9.573012035	8.915590213	9.092626077	9.528012541	9.808375718	10.19561409	9.681738963	9.223896725	9.227961475
79934	9.22893314	9.154981099	8.626051032	8.291728326	8.372025311	8.91666503	8.075791989	8.399609904	8.803848264	8.983688809	9.869974862	9.155704714	8.689086305	8.891713845
203054	7.093344668	6.757466018	5.767186005	5.771045698	5.094958081	6.056561853	5.94471089	4.443155739	5.85372125	6.425467697	7.964493938	6.766723684	5.622371081	6.77494252
55811	2.99712979	3.704396151	1.60250439	2.033088169	0.573277568	0.924556002	2.341046409	0.778713221	1.767866632	3.230126141	0.860525852	1.387527978	2.015604611	2.47822115
107	9.4545767	9.032878033	6.991781451	7.74070229	8.420081485	8.015391635	7.834965242	7.447411412	10.31729344	8.751785381	8.578642145	11.9726868	11.4152136	9.693922314
108	6.172149444	7.326190366	6.235307744	6.427128436	4.89656249	5.869782592	6.197454583	7.653745794	6.70645872	7.159468738	6.041001987	6.541181819	6.086539645	6.662232564
109	10.63938666	10.45335625	10.51424301	11.21947107	10.84439625	10.55757465	10.83664949	10.73940993	10.94114065	10.82282669	10.3877327	10.00760899	10.40859278	10.42462401
196883	8.544504706	9.337997132	9.274089935	9.175723188	9.2933829	9.411168387	9.730151333	8.398080541	8.973953886	8.507811683	8.398572696	8.646149333	9.562657235	8.518731828
111	8.610439114	9.447744895	9.552669098	9.233693727	9.480401055	9.846466362	10.27484589	7.876579564	8.532310725	7.916510084	8.118509237	8.033623974	8.596514046	7.939322386
112	10.77016568	11.42740373	12.50585449	11.57677163	11.94050917	11.55230655	12.69552648	10.50553757	11.08855115	11.21094427	11.04629508	11.43006485	11.18511782	11.18330568
113	8.55914953	9.109535296	10.25800463	10.42923421	9.908668523	9.657257882	9.116041613	9.221006785	9.860790425	9.484600382	7.776032905	8.666378474	8.521685625	8.487217009
114	1.823627093	2.003206431	0.593784005	5.628003641	2.29372361	0.535057595	1.393251437	5.916407374	2.611550123	1.082566351	0.860525852	1.594739622	2.296604239	1.33571191
115	9.888235934	9.54320006	9.284728804	9.885460582	9.655566678	9.65886162	9.356975031	9.781602984	10.02758481	9.620384984	9.227103509	9.882834988	9.960946327	9.859754357
117	1.823627093	2.731552559	6.691285692	5.130131896	5.391750538	5.433269954	5.119090524	5.873025701	5.868647261	6.694292412	0.493442391	4.433500317	5.342170696	4.933874742
116	6.328497216	1.324522612	2.722640886	2.204203332	6.480743356	0	0.492314685	1.949534933	4.029876886	3.313594147	5.267550779	2.73489384	3.141776093	5.376411946
113451	7.319493297	7.059539151	5.434985105	5.771045698	5.565301661	6.817746035	5.925534264	6.860664895	7.253082571	6.75527484	8.164349345	7.805091207	7.165999342	7.395232498
118	12.48157121	12.83856231	13.28815042	12.97873441	12.94773944	12.79319513	12.97371656	12.85635096	12.98513162	12.49161448	12.60014371	12.57836352	12.67950878	12.56408114
119	5.593999074	5.67308996	5.595512612	6.281774277	6.213049768	6.017095684	6.036951634	6.062590184	6.759471455	5.632969032	4.781831791	5.945144146	6.140884973	4.576558416
120	11.06214256	11.30471175	11.83315013	12.38489777	11.81758161	11.29642563	12.11944577	12.52165881	12.01160214	12.25898356	10.36623838	11.55428393	11.53842094	11.91524907
124	5.265298111	7.134829808	9.175741398	9.730741498	7.594189473	7.969606399	11.25705395	8.328582933	7.693261127	3.958926173	4.333996118	4.703377603	7.38445568	3.754577557
125	11.89697504	13.90622837	15.9443924	16.48049988	14.46384578	14.63662673	17.97353593	15.21222059	14.23840339	10.48021028	12.90957654	11.86662459	13.49724983	10.77313121
126	7.251989809	8.820063415	10.06235394	8.213718116	8.009181988	8.483745253	9.596336069	8.773247364	8.958341298	7.383641227	7.935945868	6.75057167	8.359272096	8.096997078
127	6.853037523	6.512037212	2.722640886	4.128854267	5.473231672	5.387572781	4.330092245	7.093934069	5.128338773	4.579831821	5.733416711	0.854554259	2.99213394	1.33571191
128	11.73524037	11.73210224	12.44510706	12.09870704	11.90552559	11.74957579	12.71502923	12.13644555	11.8946825	11.53373683	11.56041309	11.60775155	11.83647923	11.65042105
130	1.371447346	0	2.722640886	3.898933872	1.973574542	1.698307394	2.452437294	2.587220954	0.927517246	1.261350279	0	1.387527978	1.851479213	0.68670221
131	5.166739543	5.775701136	5.625583195	5.771045698	0	0	1.94362132	0	0.37928825	0	0	0	6.201804387	0
137872	7.504897624	7.720231259	9.168266201	9.141896383	8.828915234	8.523017706	10.73413209	7.771824849	7.57766674	7.00796016	7.27000746	7.746574782	7.712153468	7.960662292
55256	10.60472973	11.42799464	11.48485879	11.46125264	11.27953282	10.91476003	11.07817823	10.52213139	10.99174943	10.38060565	10.8726598	10.41444646	10.96273886	10.22602389
149685	0	0	0.593784005	0	0	0	0	0	0.37928825	0.355467388	0.860525852	0.489645688	0	0
9370	10.36429107	14.51134049	16.88486584	15.66132386	15.82262179	14.8496067	18.16106459	13.56712058	13.48121438	8.002344727	11.93417608	11.70385267	14.06848988	3.908928165
51094	11.22196104	11.22489265	11.36715781	11.08695012	11.18141325	11.19700451	11.35106295	11.22049109	11.14806361	10.99761053	10.98839165	11.28318138	11.04371086	10.91151895
79602	11.22483436	11.74322479	12.702599	11.78307841	12.7171427	12.6575999	12.89848882	11.12248125	11.54306716	10.80891994	10.75297809	11.05177347	11.63585608	10.80371276
132	8.854571712	8.742371758	9.059578626	8.656701219	8.907239505	8.476488217	8.538703049	8.471178517	8.756488606	8.591714194	8.74968644	8.107348913	8.900735511	8.253605007
79924	7.021134337	7.142530867	2.342924474	2.845108627	4.823866524	5.924137901	2.452437294	5.22870327	6.120096841	7.575508237	7.091696661	7.252953943	6.651987345	6.401178188
133	7.850757551	10.15752101	10.62935106	9.188525054	9.988440998	10.60529699	9.918346129	9.044557233	8.82600213	7.270692451	9.2103158	7.812889651	10.09373327	8.683949044
22850	9.230458823	9.133886621	9.154153051	8.92802234	9.313435429	9.358850066	9.800262353	9.646431625	9.238809545	9.58092181	8.713702	9.55417229	9.365656891	9.637068598
23394	11.27152787	10.88549665	10.93570968	10.90306652	11.15572685	11.28036736	11.27023096	11.84592691	11.34468572	11.61747077	10.41014009	11.76794143	11.3489446	11.68355282
134	8.519760862	7.959195188	7.754002912	7.146915848	8.4262333	8.882757054	8.666931948	8.026649586	8.251195973	8.995585142	8.993120679	9.384002519	7.721099189	8.022851035
135	6.29313134	7.38255832	5.254329484	5.534833557	6.19481397	6.177848047	5.216664386	5.347569993	6.376540444	6.784825884	7.034500766	6.515923715	5.961259831	5.880528809
136	7.284667737	5.492032621	4.858184948	6.172607522	5.391750538	6.322470807	2.827819025	6.629953976	7.093897107	6.713627087	7.121580139	6.82957941	6.748484043	6.395965915
140	8.532185636	7.385806331	6.509730674	8.971632355	6.976157391	8.050024384	6.0809518	7.896214319	8.110746377	7.894652874	7.465769633	6.204269859	6.742639542	6.16421306
84890	9.272537179	9.157833984	8.920968214	9.018271964	9.291137539	9.211468806	9.116041613	9.747778435	9.384168342	9.820910817	9.544025313	9.406511585	9.252973805	9.137942516
83440	9.851704386	9.653764779	9.561445478	9.965070262	9.656299538	9.770725002	9.772813368	9.728587887	9.654662519	9.952519367	9.669263686	9.849966118	9.692471487	9.825400071
113622	6.311297842	6.626297489	5.640383775	5.346627194	6.719870666	6.846177363	6.312650654	5.644447574	5.933962057	6.146946387	6.136092928	7.120971871	6.555256327	6.247602871
54936	9.554801979	9.498138951	8.603565891	8.864026696	8.805508186	9.323897607	8.038343442	8.46680818	9.230889875	9.315208447	10.18099008	9.170955809	9.315346589	8.896335432
141	8.925989927	8.923143831	8.936044251	9.61469089	9.452542311	9.156904458	9.089363083	9.103927961	9.200244648	8.643040115	8.473318544	8.426537331	9.149636627	8.488441902
148	3.742114032	5.562617934	6.5416217	6.347176644	4.89656249	6.424040284	7.993004594	3.507997554	5.038804886	2.837519451	3.634500338	4.657920057	5.543873211	3.467109895
147	3.351388048	6.273361094	6.460532893	7.571186071	6.154967939	6.67922391	6.623525984	6.392537245	6.477353527	3.141530886	4.844611621	3.668845283	5.475029743	4.875150958
146	3.480097056	3.479631542	2.190362011	3.741046251	4.323946455	3.557875677	2.742739233	2.587220954	3.235589216	3.186500558	2.55924706	2.213098386	3.621090679	2.397063631
150	10.70635899	11.06033231	11.67388025	10.2697172	11.40734956	10.45695006	11.89660188	8.882285082	9.768313037	9.272169962	9.188296321	9.529142182	10.44010184	10.85019075
151	5.755312233	5.585401254	5.896126506	5.824515843	5.269339911	7.593852711	5.278739362	5.053250385	5.478939457	5.086401646	8.448269551	4.586920832	6.594730666	5.109732469
152	7.103370695	7.172931489	6.329656434	6.743967288	7.144808112	6.970193341	6.356270604	5.214870834	6.366059882	4.812837039	6.752902431	5.176127261	6.362895901	5.017712613
153	5.379721454	6.840302086	7.19093086	6.243027326	7.291305176	7.329628631	6.937745739	5.526209693	5.807996264	4.474961626	5.557189496	6.196341471	6.568533798	3.001910306
154	7.72867631	8.269890614	8.928525777	8.868806508	8.60317789	9.19939801	10.0145044	7.831965254	8.229680684	6.698179576	7.227453255	7.781438404	9.51201034	7.486335471
155	1.823627093	0	6.091907127	1.348459062	3.491327218	0.535057595	5.94471089	2.303342394	1.634500338	1.082566351	3.431342148	0.489645688	1.453701937	0
156	10.65132226	10.83529732	10.31447369	10.52217701	10.50770814	10.56950904	9.860196504	9.698926696	10.69554412	10.74903876	11.40960982	10.88423136	10.246121	10.48634603
157	9.602713524	10.1749932	12.32125133	12.13636024	12.01926508	10.73182465	13.43745568	10.69619296	10.39280071	9.599229817	9.242727298	10.36136943	10.47136602	10.13039797
11047	10.48999132	10.71326286	10.03810594	9.94928527	9.878326854	9.826627611	9.102230319	8.948564055	9.941091195	10.06964202	11.46539912	9.700077265	9.756411212	9.547646664
158	9.830552918	9.762715888	9.364901335	9.521640874	9.565540629	9.808681077	9.466351205	9.995946593	9.830618513	10.12737108	10.04224186	9.824236417	9.525691104	9.514360585
122622	7.29928038	7.326190366	8.422732962	8.820277586	7.154721926	7.776306688	7.708840413	6.202343273	7.209782808	7.026632989	8.114268628	6.761359747	7.311304201	6.688051641
159	10.22734856	10.05566421	9.270526139	9.580132291	9.800741874	9.844353795	9.466351205	10.52458657	10.30328611	10.40459822	10.09913751	10.35915194	10.12945098	10.34575163
165	13.37614046	13.71719215	12.94348054	13.0706345	12.80011554	12.67444549	12.14816627	13.75806445	13.56635617	12.22494337	12.92803982	11.44728634	13.08811849	13.05417317
121536	9.306206408	9.062611229	9.011995649	9.126012639	8.956244588	9.288077278	9.438718261	9.574456725	9.377661926	9.377147398	8.956874734	9.537010816	9.870029593	10.13588009
64782	8.81240645	8.916421408	7.338924422	7.56727011	8.313490302	8.347187277	6.98945127	8.219097836	8.536989648	9.012857753	9.578294185	8.823898678	8.586758364	8.397476128
166	13.08089947	13.42128437	12.49100145	12.25658258	12.876985	12.81043266	11.87239466	12.48799736	12.66441115	12.35599692	13.85961095	12.3450552	12.61567961	12.09928264
134265	7.942980081	9.048333741	9.9187206	10.16089801	10.00771354	9.718517122	11.195148	8.732564642	9.031455576	8.248886776	7.646947456	8.006676715	9.518011619	8.329385554
84632	10.13016189	9.340510419	8.707380186	9.210031059	9.46155557	9.754961806	8.636295808	10.47285612	10.37657712	10.23164289	10.35998417	9.943888809	10.02134216	10.64634981
60312	10.01357308	10.00321754	10.5560865	10.74737112	10.83579889	10.46932242	10.42748581	10.57620428	10.63162353	10.81540467	9.218240153	10.66010012	10.59409334	10.6812971
246182	2.061637969	2.361010324	3.110613806	2.033088169	1.782198856	0.924556002	1.393251437	0.778713221	1.323888827	2.29639867	2.223577006	1.77589336	1.851479213	1.500241179
4299	10.67308466	10.8107359	11.95082535	11.99175194	11.62198188	11.42214479	12.65489324	11.6876432	11.16780781	11.10364411	9.805028473	11.4723288	11.48799289	11.941201
2334	4.497439922	5.899035415	7.698503266	5.171987382	7.083850524	6.017095684	4.52105702	5.890534244	6.487058597	5.9127265	4.647429644	5.686786237	7.057167554	5.601402362
3899	11.06770109	9.634778566	9.754945276	7.401231104	10.60988273	9.90912054	9.149485734	10.08798784	9.991818858	11.32203759	10.23325021	10.83529487	9.884701394	12.50046655
27125	11.24025183	10.79463542	11.44720847	11.29452007	11.57753226	11.53603716	11.87082897	12.04875907	11.41372952	11.81725834	10.18200346	11.97789902	11.70098622	12.3245745
172	8.199750366	8.00638443	7.210902157	7.531542098	7.078652527	7.873431808	7.720014367	7.572006657	7.519749463	8.08484399	7.943136021	8.364213465	8.089075954	8.105004905
10939	10.5516106	10.31528216	10.19879763	9.952598718	10.15857775	10.16454068	10.777621	10.28544222	10.27215083	10.53040673	10.06040169	10.3751082	10.45621158	10.29055676
125061	9.253153265	10.22345429	7.858981207	7.744175226	8.547828438	9.102553946	7.284856481	9.008928296	8.939910614	9.363135149	9.730801095	9.230396376	9.02634306	9.568646275
173	0	0	0	1.022119204	0	0.535057595	0	0.44127099	0.679333711	0	0	0	0	0.383828687
174	5.475477289	6.259261187	0	0.599793852	5.835628534	0.924556002	0.492314685	4.394898224	4.698035073	1.923909795	5.312661544	3.182946495	5.570514542	9.793908072
54812	10.36220477	10.216174	9.863804678	9.821971163	10.18203426	10.26655677	10.11685609	10.68651515	10.44476882	10.47766782	9.921848225	11.02712315	10.60100365	11.05235435
387763	8.719850478	9.237302711	9.197336872	8.915756311	9.086250097	8.384497557	9.201235154	6.676116461	7.932228337	6.348397093	10.38923391	6.464039238	8.485391806	8.133471567
119385	6.644588893	7.071691888	8.409853373	8.035323684	7.880710011	7.864619507	10.03149982	8.29344176	7.198072717	6.322083176	6.225299998	7.527266647	7.938761553	7.281178007
116987	8.811387539	8.516524225	8.618594733	9.126012639	8.53649901	8.980898721	8.470871958	8.913665848	8.873945431	9.073230859	8.288092739	9.167918361	8.884900384	8.863668106
116986	6.371449088	6.688383206	6.162622947	5.942997669	5.921981333	6.107811296	5.030314005	5.242404341	6.253439077	7.77462763	6.803504749	6.693927365	5.649989017	7.32919537
116988	10.5214914	10.42832133	9.735257808	10.20125243	9.55808985	10.17201714	9.643312732	9.32124626	10.19013357	10.29847389	11.39940862	10.71038682	10.10060518	10.67863544
119016	8.346267279	7.599524601	7.259651945	7.213567947	6.871841185	7.964428669	7.250592139	7.288092739	7.253082571	7.627403288	7.469093937	8.418040222	7.810432178	8.190279035
729092	5.688057237	4.830686324	3.931361582	5.350826059	4.638479357	6.538294487	5.477887759	5.289624241	5.325774957	5.594019982	4.477981634	6.490473862	5.59615695	7.128232559
414189	7.209298365	6.674904081	6.14477243	6.750887835	6.277984747	7.37326278	6.994061474	6.908716853	6.107568616	7.107792469	6.53545891	7.595016484	6.701043027	7.107048599
653268	3.258729962	3.153545952	2.480911346	3.432130956	1.973574542	5.308047731	2.341046409	2.303342394	2.295399778	3.821108116	5.466953337	3.757716683	3.898498604	3.467109895
728404	4.413966352	4.905013872	4.753144529	4.170750307	4.392578458	4.683522422	4.840639469	4.443155739	5.165075818	6.245881613	4.943527555	6.649672936	3.939959965	7.208649912
175	9.022499869	9.528580304	8.884130215	7.876643407	9.046867531	8.853644846	8.241976955	9.218409454	8.989399325	9.23518566	9.251441934	7.833482157	8.905975697	9.04775894
123624	0.397802962	0	0	0	0.573277568	0	0.85861763	0	0	0	0	0	0	0.383828687
79841	4.278928883	3.213285062	2.019701914	1.022119204	2.670591105	3.611868767	1.94362132	3.795070779	2.680841924	3.732898681	3.431342148	4.768994124	3.719610599	5.755867667
340351	2.747236999	2.462942273	3.34553831	2.621665096	2.777114574	2.951494546	3.582568045	3.365020579	2.810175723	3.313594147	1.603691617	2.444905553	2.53171831	3.721624207
84871	3.559944496	3.573786528	1.60250439	3.12631213	2.142511466	2.675454648	3.808735127	3.638073837	3.449231201	3.047137003	3.97102846	3.622262716	3.340619235	3.506335354
60509	9.690291895	9.639657434	9.35151504	8.989445593	9.267370761	9.589948268	9.495099912	9.620453717	9.678584999	9.499197724	9.982469006	9.775867194	9.669878755	9.462964556
177	6.059924127	4.647976408	4.88328845	4.996741242	4.054214663	5.291599875	5.102107989	4.512644082	4.794977238	5.442157262	6.579189201	6.49021551	4.933818102	5.747704264
3267	10.23914381	10.85271442	11.64893504	11.16933747	11.41045602	11.11730284	11.6318263	10.95965273	10.67419907	10.73869447	9.964873224	10.63026567	10.77217112	10.56247121
3268	9.013666032	9.244477296	8.626051032	8.418852353	8.630076331	9.046075191	8.716589023	8.80360129	9.163649424	8.711960128	9.53612208	8.89174513	8.959875908	8.907367508
55109	9.806204333	9.512325863	9.91644201	9.871238395	9.878326854	9.680338599	9.875892001	9.965807368	9.766819903	9.953276008	8.972185726	9.913382522	9.665876471	9.932209288
55750	9.107154815	8.871944961	8.838324673	8.94018496	9.073241572	9.129406671	9.178126759	9.169045341	8.95047133	9.126137349	8.709491571	9.129922813	9.085270348	8.909197963
178	9.451963384	9.32874448	10.87481395	10.04601296	10.21557219	9.888080949	10.89990021	10.16374715	9.856117347	10.11288085	9.060788596	9.962705754	9.926553818	10.6485431
79814	4.901537897	4.732046645	1.013140632	3.49943773	2.876310657	3.319141003	2.452437294	3.089854035	3.768576049	4.783859966	4.113800498	4.101246657	4.131070851	4.358093793
10554	10.92798717	10.96417146	10.63054699	10.74175802	11.02401695	10.9034507	11.00014236	11.17762098	11.01665767	11.07362847	11.14193833	10.7579868	10.56287699	10.61993767
10555	9.926390145	12.6395817	13.61274958	12.48933849	12.55243567	12.39230237	13.09749313	9.510073803	11.13191669	8.553595506	12.13890286	9.551844163	11.31340062	8.444938259
56894	10.90453904	11.76303185	11.52105167	10.97132871	11.83425574	11.3944971	11.2778123	10.55612943	10.8616472	11.23053958	10.81797605	10.73932107	10.6038279	10.48081756
56895	8.119682469	8.09636992	8.06502508	8.594574674	7.95063521	8.202949524	7.887940717	9.271161618	8.513441002	8.259450459	7.543517536	8.006676715	8.11871531	8.652603369
55326	9.235786405	9.327900421	8.094886846	8.505299872	8.854992082	8.744598414	8.648043661	9.664355191	9.182436318	9.873862556	9.096695918	9.226509011	8.860816957	9.805748547
137964	11.09433954	10.96799612	10.85551714	10.62039937	10.44091733	10.69165306	10.32373248	10.77725778	10.71554645	11.05293017	11.23996739	11.01815615	10.86522894	10.78339731
84803	6.967249319	7.246244654	6.740203064	7.751095448	6.472840279	7.26791777	10.90541664	9.526265846	7.247383553	7.481634773	6.691609536	6.57825946	7.303383496	6.770921524
123688	5.845688251	5.417815392	6.747058378	5.657768607	5.785464239	6.424040284	6.715720434	6.582263942	5.933962057	5.514494724	5.798291635	5.785207884	6.104883857	5.97443983
8540	9.58850646	10.13983449	10.78274641	11.00356141	10.55666526	10.37443974	10.81744635	10.74904035	10.68583313	10.16367546	8.882777532	9.647258738	10.90273559	9.614245678
10551	13.27321975	10.26152635	5.968298153	4.128854267	10.62243954	9.110779518	3.254004389	8.976501975	11.11382647	11.70532922	12.89040903	11.72122328	11.42208764	12.29013165
155465	11.35100054	8.76873648	0.593784005	0	8.365637427	7.126722023	3.850009264	6.216295764	8.900513033	8.382943005	9.932123196	9.376128429	10.03036726	9.602414751
375790	12.86041885	11.89155646	9.602655444	9.710114015	10.92648169	11.13469462	9.068751949	10.98534338	11.75808244	12.31449241	12.94507649	12.06033329	11.25838683	12.11026493
181	0	0	0	0	0	0	0	0	0	1.261350279	0.860525852	0	0	0
23287	8.402842811	8.304628311	9.186031019	9.385951245	8.858029188	8.724829302	9.699431734	8.811665612	8.630805145	8.70521455	7.649880551	8.594300341	8.426447177	8.463743417
185	7.860643791	8.472901187	10.2374631	10.16867212	9.39515665	9.107259976	11.21724841	9.971474579	9.126877637	6.53820756	7.142552309	7.993011956	8.926747267	9.735783622
186	4.435288547	0	0.593784005	0.599793852	0.982436918	0	0	0	1.139273018	3.047137003	0.493442391	0.489645688	0	2.017244929
57085	10.21275693	9.927798106	8.659135012	9.383726537	9.47744177	9.19829573	8.712399061	9.000889857	9.430796876	9.580395386	11.11581696	9.283748414	8.843170152	9.062638209
183	7.886035504	8.023168287	6.477118726	6.771455135	7.357182487	7.848351901	8.560622491	4.871217754	6.896856705	6.914136339	7.729662206	6.227796901	7.108069623	5.887973606
64850	2.813873521	1.089701524	0	1.022119204	2.777114574	1.885261974	0	2.49865936	2.928844037	2.29639867	1.785341299	0.854554259	0	3.206299387
85007	9.249350524	9.539624509	9.818722126	9.434950505	9.689506917	9.454018954	9.850976118	8.529353244	9.20700602	8.457009383	9.406777292	8.778010087	8.839792716	9.066408109
64902	0.397802962	0	0	0	1.300826593	0	0	0	0	0	0.493442391	0	0	0
189	0	4.334990096	1.826111164	2.204203332	4.214459012	4.210412244	4.143507706	0	2.295399778	0.640528385	2.45578092	0.854554259	1.851479213	0
25909	10.12606931	9.851733584	10.87011199	10.4696523	10.20009798	10.58224173	10.911826	10.80810449	10.30876859	10.28754825	9.130681753	10.58088008	10.56584714	10.77939968
10768	11.88212747	11.93765619	12.74194876	12.32933689	12.2412202	12.0723981	12.32105455	12.03689179	12.08821983	12.01392559	11.46456658	12.02942945	12.21163705	11.93233963
23382	9.014551965	8.905147188	9.702130426	9.356758304	9.460556851	9.328942799	9.709277193	9.508657225	9.130752014	9.454461138	8.327089111	9.288417397	9.141884891	9.70660877
191	11.66462363	11.44093429	10.56146295	10.7633065	10.72081233	11.21401233	10.53143654	11.36429791	11.24900895	12.42807137	11.93987815	11.79132091	10.94056893	11.45766416
27245	10.1186734	9.727945293	8.841530698	9.351075933	9.440436087	10.19927285	8.287752544	9.739951698	9.898548183	10.44101571	10.31496667	10.56518997	9.803499421	10.57059044
54806	8.59985372	7.896814332	8.517985841	8.277419457	8.622952307	8.372818928	8.636295808	8.80821513	8.461471671	8.59797059	7.676008532	9.385746592	8.634889806	9.323027505
113146	9.806715873	10.79799185	11.28770182	11.66024865	10.20009798	10.62758012	9.473796448	12.11925981	11.02481305	9.939793105	9.201348381	9.515666136	10.76028608	9.77194482
79026	15.4766774	16.41855132	17.8756681	17.11823087	17.11909494	16.84537841	17.2047269	16.64886544	16.71349519	15.8132681	14.72681379	16.41478743	16.62718009	16.58363973
57491	4.302333675	4.163917311	4.024576774	3.625293872	4.136560546	5.492026209	3.850009264	3.718712324	4.629583936	4.596595294	3.681123132	4.460231437	4.200951556	4.7001234
196	10.80821087	10.69242781	11.10900743	11.19081107	11.21348411	11.24022559	11.28981338	11.56760472	11.12241356	11.62795423	10.47192878	11.61408861	11.56971119	11.92070381
10598	10.84478045	10.62152454	10.60597539	10.43408002	10.29895335	10.37541548	9.779718042	10.35364473	10.50720218	10.69412766	11.00021716	10.54582197	10.35979732	10.2604896
130872	9.444751949	8.584536768	8.247705397	8.586859299	8.159531305	8.805229246	9.488572849	8.311363242	8.19309261	8.880540747	8.66814466	9.963873613	8.940856213	9.798853445
197	0	0	0	0	0	0	0	0	0	0.355467388	0	0	0	0
51327	0	0.809167457	2.82984956	0	0.982436918	2.675454648	1.600888191	0	0	0	0.860525852	0	1.453701937	0.383828687
57379	0	1.703410828	2.190362011	2.204203332	0	0.535057595	1.782408565	0.778713221	1.767866632	0.640528385	1.152832405	0.489645688	0.52084965	1.33571191
64853	10.08913728	10.54186888	11.15466795	11.06687633	10.76159627	10.47756067	11.40530823	11.026765	10.63440704	9.863508755	9.984172197	9.437151362	10.30794326	9.61761384
83543	10.78581567	10.8107359	11.33225652	11.67715201	11.04482017	11.61250916	11.4252605	11.36155394	11.18075978	11.02379385	10.11142288	11.31167039	10.93769366	10.45002669
199	10.19019704	9.421871903	9.654617771	10.49718311	9.763164387	8.792136623	8.524433582	8.856902302	9.655044615	9.389222401	9.512954728	7.805091207	8.832202039	7.810086371
9131	9.851525906	9.98674398	10.00917303	9.814557633	9.879074541	9.519291065	10.23450779	9.035731943	9.431425311	9.880293395	9.748009481	9.288417397	9.594649127	9.269880565
84883	9.037394303	11.27370656	12.32311611	11.38488944	11.43735577	11.08217626	11.9191982	8.691950401	10.20564531	8.590669006	10.08836888	8.908826115	10.38206013	8.534234783
150209	4.784938401	4.445210228	2.676289978	3.795621507	3.303050085	3.501795794	2.485272244	2.895418963	3.4864827	3.141530886	5.158769222	3.305941346	3.569199413	4.227563962
51390	10.12934433	10.35232256	10.63582893	9.809594191	10.27017243	10.25387927	10.507051	9.927093186	10.01044363	9.49469481	10.02653243	9.216744403	10.31470638	9.689135939
55057	2.877587213	2.64745267	2.019701914	1.614427166	0.982436918	0.924556002	0	0.44127099	1.634500338	2.122142584	1.94665601	0.489645688	2.296604239	1.647867072
202	11.08993386	11.30235024	11.35262447	10.82240656	11.51131766	11.34480087	11.8460223	12.0092334	11.4436283	11.13140627	11.4796855	11.36259322	11.03237522	11.66525534
9447	4.870561998	5.242579642	3.547511524	2.945045797	3.056323404	1.885261974	1.150559677	2.963196656	4.056193324	4.195804274	2.223577006	2.976253642	2.825175049	2.397063631
9255	10.15507524	9.703917412	9.774367695	9.479405195	9.7147308	9.893001735	9.937917984	10.25419624	10.04575639	9.967423553	10.05155822	10.17418105	10.00808149	10.10219436
7965	8.479318285	8.615510833	8.207640573	8.06567301	8.492558642	8.186299487	7.698060084	8.113535382	8.16610231	8.666586185	9.046783516	7.515048508	7.779476424	7.532930161
23746	0	0	0	0	0	0	0	0	0.37928825	0	0	0.854554259	0	0.383828687
9049	9.994420761	10.09141674	9.71092212	9.93871569	9.294504272	9.452438735	9.054478153	9.158243856	9.979840295	9.59558683	10.86036926	9.647258738	9.595460209	9.402500703
326	0	0	1.013140632	0	0	0	0	0.44127099	0	0	0	0.489645688	0	0
55966	4.870561998	2.731552559	1.826111164	4.211463939	4.458093226	4.278757944	3.582568045	4.293245398	4.794977238	4.545715134	5.036098865	4.634639731	3.401248173	5.527057821
203	9.446065747	10.05311269	9.510991777	9.595593916	9.796790459	9.584870639	9.37210565	8.189343251	9.17869846	8.674955264	10.25122367	8.090337939	9.203826864	8.185755565
204	11.10519143	11.08502165	11.26995745	10.72515542	11.02705256	11.1688615	11.35285859	11.1960558	11.08775407	11.0322887	11.28569922	10.97101416	10.94852595	10.5583944
205	8.165066268	8.301192077	9.793532107	9.05648409	9.546841033	9.228847785	10.48060463	9.531855522	8.743389747	9.392825282	7.97855889	8.664942854	8.763140313	8.981446838
50808	11.0436024	10.9543874	11.76471201	11.63732047	11.47221155	11.35151024	12.13531275	11.28045054	11.05998326	10.59230575	10.46736457	10.6586727	10.91967304	10.52416429
26289	11.33335949	10.27077969	5.047773933	2.621665096	9.095286772	10.72724616	4.176330752	11.54203861	10.73756365	9.779766788	11.54040381	10.00303168	10.34395817	10.54462303
122481	5.805307935	5.52775848	3.271395794	3.49943773	4.011209361	5.019363882	2.742739233	4.642326122	5.012166379	4.342128018	5.018051032	5.328976448	5.609580642	6.029333613
11216	8.734978492	8.412075668	9.212274827	8.890906582	9.265061771	9.131718342	9.456364067	9.185983958	8.83647868	8.923519436	7.75439717	9.170955809	9.144103999	9.649715323
11215	9.843572188	10.08493644	11.07161118	11.24021963	11.13615741	10.88697738	11.78648075	11.19495521	10.67021142	10.91712552	9.125424061	11.15482956	11.01095372	11.4043121
9590	10.61877879	12.07176475	13.82280059	13.6375644	13.33179742	11.98400638	13.43555053	11.91184993	12.50167928	10.80667085	10.08078276	10.12863469	12.2434198	11.14982776
11214	11.80320217	11.39169931	11.87403837	11.84987662	11.72080199	12.09463812	11.65165632	12.42593558	12.02654779	11.98895016	10.54148038	12.32848914	11.76167767	12.26792336
158798	0	0	0	0	0	0	0	0.778713221	0.37928825	0	0	0	0	0
8165	11.11493008	11.05524135	11.15096096	11.31888633	10.89873001	11.68748981	12.33520269	11.35309327	11.0235633	10.93412163	10.80914912	11.56490623	11.20810179	11.54355088
11217	9.6547155	10.86707939	11.68185072	11.14181089	11.51366918	11.5409916	11.65540979	10.81390013	10.87353908	10.26228433	8.092360742	10.01099713	11.36321347	10.57684294
10566	5.454738514	5.075622476	5.991573998	5.784600822	4.176035482	5.924137901	5.815242382	5.890534244	6.251164249	3.670942282	5.557189496	6.054440437	4.267603212	6.331902234
8852	0	0	1.013140632	1.614427166	0	0	0	0	0	0	0	0	0	0
9495	6.750428301	5.71501475	4.112141293	3.898933872	6.259728201	4.658091491	5.366682406	6.310361935	5.678466338	7.543451031	5.297782023	6.410220671	6.077279322	7.644143979
